1
Ryan Getzlaf	2014-2015	ANA	C	77	25	45	70	15	62	3	13	0	2	6	2	191	13.1	20:05	23.5	50.6
2
Corey Perry	2014-2015	ANA	R	67	33	22	55	13	67	4	7	0	0	3	1	193	17.1	18:06	21.1	25.0
3
Ryan Kesler	2014-2015	ANA	C	81	20	27	47	-5	75	5	11	1	3	4	2	205	9.8	19:30	24.2	56.3
4
Jakob Silfverberg	2014-2015	ANA	R	81	13	26	39	15	24	2	4	1	3	2	0	189	6.9	15:39	21.2	46.0
5
Sami Vatanen	2014-2015	ANA	D	67	12	25	37	5	36	7	17	1	1	1	0	122	9.8	21:27	25.6	50.0
6
Cam Fowler	2014-2015	ANA	D	80	7	27	34	4	14	1	9	1	2	2	1	87	8.0	21:08	25.7	0.0
7
Hampus Lindholm	2014-2015	ANA	D	78	7	27	34	25	32	0	6	0	0	1	0	107	6.5	21:45	26.3	0.0
8
Patrick Maroon	2014-2015	ANA	L	71	9	25	34	-5	82	1	7	0	0	1	0	120	7.5	14:16	17.5	33.3
9
Matt Beleskey	2014-2015	ANA	L	65	22	10	32	13	39	4	4	0	0	8	0	145	15.2	14:28	18.7	42.1
10
Rickard Rakell	2014-2015	ANA	C	71	9	22	31	6	10	2	9	0	0	1	0	105	8.6	12:34	16.1	46.6
11
Andrew Cogliano	2014-2015	ANA	L	82	15	14	29	5	14	0	0	3	3	2	0	134	11.2	14:36	20.3	32.7
12
Kyle Palmieri	2014-2015	ANA	R	57	14	15	29	-2	37	5	11	0	0	4	1	112	12.5	14:05	18.3	50.0
13
Francois Beauchemin	2014-2015	ANA	D	64	11	12	23	17	48	2	3	0	1	1	0	110	10.0	22:44	26.3	100.0
14
Nate Thompson	2014-2015	ANA	C	80	5	13	18	0	39	0	0	1	1	3	1	87	5.7	13:19	19.4	52.7
15
Devante Smith-Pelly	2014-2015	ANA, MTL	R	54	5	12	17	1	12	0	1	1	2	1	0	76	6.6	14:38	19.9	28.0
16
Ben Lovejoy	2014-2015	ANA, PIT	D	40	1	10	11	3	17	0	0	0	1	0	0	50	2.0	18:33	24.1	0.0
17
Emerson Etem	2014-2015	ANA	R	45	5	5	10	-6	4	0	0	0	0	0	0	77	6.5	12:14	15.8	50.0
18
Clayton Stoner	2014-2015	ANA	D	69	1	7	8	-2	68	0	0	0	0	1	0	68	1.5	17:38	23.2	0.0
19
Rene Bourque	2014-2015	MTL, ANA, CBJ	R	30	2	6	8	-4	12	1	2	0	0	0	0	44	4.5	12:07	15.8	20.0
20
Tim Jackman	2014-2015	ANA	R	55	5	2	7	-4	86	0	0	0	0	1	0	55	9.1	08:22	11.8	71.4
21
Jiri Sekac	2014-2015	MTL, ANA	L	19	2	5	7	2	4	0	0	0	0	0	0	29	6.9	12:56	16.5	0.0
22
Simon Despres	2014-2015	PIT, ANA	D	16	1	5	6	2	22	0	0	0	0	0	0	27	3.7	18:39	24.4	0.0
23
Tomas Fleischmann	2014-2015	FLA, ANA	L	14	1	5	6	0	4	0	0	0	0	0	0	24	4.2	14:10	18.2	40.0
24
James Wisniewski	2014-2015	CBJ, ANA	D	13	0	5	5	-3	10	0	1	0	0	0	0	20	0.0	20:13	24.5	0.0
25
William Karlsson	2014-2015	ANA, CBJ	C	18	2	1	3	1	2	0	1	0	0	1	0	24	8.3	12:08	16.0	48.8
26
Josh Manson	2014-2015	ANA	D	28	0	3	3	1	31	0	0	0	0	0	0	26	0.0	18:26	23.7	0.0
27
Eric Brewer	2014-2015	TBL, ANA, TOR	D	9	1	1	2	-6	6	0	0	0	0	0	0	7	14.3	17:15	23.2	0.0
28
Colby Robak	2014-2015	FLA, ANA	D	5	0	1	1	3	0	0	0	0	0	0	0	2	0.0	15:15	21.6	0.0
29
Mat Clark	2014-2015	ANA	D	7	0	1	1	2	6	0	0	0	0	0	0	2	0.0	12:46	18.0	0.0
30
Bryan Allen	2014-2015	ANA, MTL	D	6	0	1	1	0	4	0	0	0	0	0	0	4	0.0	18:12	23.2	0.0
31
Stefan Noesen	2014-2015	ANA	R	1	0	0	0	0	0	0	0	0	0	0	0	0	0.0	06:54	10.0	0.0
32
Mark Fistric	2014-2015	ANA	D	9	0	0	0	-3	4	0	0	0	0	0	0	1	0.0	14:47	20.0	0.0
33
Chris Wagner	2014-2015	ANA	C	9	0	0	0	-2	2	0	0	0	0	0	0	7	0.0	08:47	13.0	60.0
34
Dany Heatley	2014-2015	ANA	L	6	0	0	0	-3	0	0	0	0	0	0	0	8	0.0	12:07	15.3	0.0
35
Jesse Blacker	2014-2015	ANA	D	1	0	0	0	-2	0	0	0	0	0	0	0	0	0.0	06:03	9.0	0.0
36
Max Friberg	2014-2015	ANA	L	1	0	0	0	0	0	0	0	0	0	0	0	0	0.0	08:47	12.0	0.0