1
Oliver Ekman-Larsson	2014-2015	ARI	D	82	23	20	43	-18	40	10	20	1	1	7	3	264	8.7	25:12	29.6	0.0
2
Keith Yandle	2014-2015	ARI, NYR	D	63	4	37	41	-32	32	2	26	0	0	0	0	185	2.2	23:54	27.3	0.0
3
Sam Gagner	2014-2015	ARI	C	81	15	26	41	-28	28	6	12	0	0	1	1	183	8.2	17:14	21.6	46.8
4
Shane Doan	2014-2015	ARI	R	79	14	22	36	-29	65	5	10	0	0	0	0	189	7.4	18:52	23.8	27.3
5
Antoine Vermette	2014-2015	ARI, CHI	C	63	13	22	35	-23	34	6	13	0	0	1	0	85	15.3	18:58	25.8	56.0
6
Martin Erat	2014-2015	ARI	R	79	9	23	32	-16	48	3	6	0	0	1	0	91	9.9	15:51	21.4	0.0
7
Mikkel Boedker	2014-2015	ARI	L	45	14	14	28	-10	6	3	12	0	0	2	0	79	17.7	17:29	23.1	0.0
8
Martin Hanzal	2014-2015	ARI	C	37	8	16	24	-1	31	1	4	0	1	3	0	85	9.4	17:44	24.0	56.5
9
Lauri Korpikoski	2014-2015	ARI	L	69	6	15	21	-27	12	5	8	0	1	1	0	82	7.3	15:14	21.7	33.3
10
Tobias Rieder	2014-2015	ARI	R	72	13	8	21	-19	14	0	2	3	3	1	0	189	6.9	16:53	23.3	20.0
11
Michael Stone	2014-2015	ARI	D	81	3	15	18	-24	60	0	5	0	0	0	0	144	2.1	20:52	28.1	100.0
12
Mark Arcobello	2014-2015	EDM, NSH, PIT, ARI	R	27	9	7	16	-4	6	1	3	0	0	2	1	59	15.3	15:40	20.5	53.3
13
Kyle Chipchura	2014-2015	ARI	C	70	4	10	14	-23	82	1	1	0	0	0	0	81	4.9	13:23	19.4	51.6
14
David Moss	2014-2015	ARI	R	60	4	8	12	-18	24	1	2	0	1	0	0	96	4.2	12:54	20.1	46.2
15
Joe Vitale	2014-2015	ARI	C	70	3	6	9	-11	36	0	0	0	0	0	0	55	5.5	11:13	16.6	48.3
16
Zbynek Michalek	2014-2015	ARI, STL	D	53	2	6	8	-6	12	0	0	0	0	0	0	67	3.0	21:05	28.5	0.0
17
Connor Murphy	2014-2015	ARI	D	73	4	3	7	-27	42	0	0	0	0	0	0	72	5.6	16:48	23.6	0.0
18
B.J. Crombeen	2014-2015	ARI	R	58	3	3	6	-6	79	0	0	0	0	0	0	43	7.0	08:05	11.8	100.0
19
John Moore	2014-2015	NYR, ARI	D	19	1	4	5	-11	11	0	4	0	0	0	0	21	4.8	18:43	24.1	0.0
20
Lucas Lessio	2014-2015	ARI	L	26	2	3	5	-10	8	0	0	0	0	0	0	44	4.5	12:45	16.5	0.0
21
David Schlemko	2014-2015	ARI, DAL, CGY	D	20	1	3	4	-5	4	0	2	0	0	0	0	24	4.2	18:06	25.0	0.0
22
Craig Cunningham	2014-2015	BOS, ARI	L	19	1	3	4	-3	2	0	0	0	0	0	0	23	4.3	11:05	16.3	52.4
23
Brandon Gormley	2014-2015	ARI	D	27	2	2	4	-7	10	1	1	0	0	0	0	39	5.1	15:19	21.6	0.0
24
Klas Dahlbeck	2014-2015	CHI, ARI	D	19	0	3	3	-7	6	0	0	0	0	0	0	16	0.0	19:11	28.4	0.0
25
Rob Klinkhammer	2014-2015	ARI, PIT, EDM	L	19	3	0	3	3	4	0	0	0	0	0	0	23	13.0	11:33	16.1	0.0
26
Brandon McMillan	2014-2015	ARI, VAN	L	50	1	2	3	-18	16	0	0	0	0	0	0	44	2.3	10:22	16.3	42.9
27
Chris Summers	2014-2015	ARI, NYR	D	17	0	3	3	-12	8	0	0	0	0	0	0	13	0.0	13:42	19.8	0.0
28
Tye McGinn	2014-2015	SJS, ARI	L	18	1	1	2	-1	10	0	0	0	0	0	0	25	4.0	09:39	13.8	0.0
29
Brendan Shinnimin	2014-2015	ARI	C	12	0	1	1	-1	8	0	0	0	0	0	0	10	0.0	11:02	15.8	41.6
30
Jordan Szwarz	2014-2015	ARI	R	9	1	0	1	-2	2	0	0	0	0	0	0	8	12.5	13:28	18.9	0.0
31
Jordan Martinook	2014-2015	ARI	L	8	0	1	1	-3	0	0	0	0	0	0	0	8	0.0	11:41	16.0	100.0
32
Andrew Campbell	2014-2015	ARI	D	33	0	1	1	-13	10	0	0	0	0	0	0	28	0.0	17:32	26.3	0.0
33
Justin Hodgman	2014-2015	ARI	C	5	1	0	1	-2	2	1	1	0	0	0	0	3	33.3	11:23	16.2	54.3
34
Henrik Samuelsson	2014-2015	ARI	C	3	0	0	0	-2	2	0	0	0	0	0	0	4	0.0	13:16	17.0	100.0
35
Dylan Reese	2014-2015	ARI	D	1	0	0	0	-1	0	0	0	0	0	0	0	3	0.0	19:58	27.0	0.0
36
Philip Samuelsson	2014-2015	ARI	D	4	0	0	0	-3	0	0	0	0	0	0	0	4	0.0	16:53	22.5	0.0
37
Alexandre Bolduc	2014-2015	ARI	C	3	0	0	0	-1	2	0	0	0	0	0	0	3	0.0	10:39	18.0	52.6
38
Tyler Gaudet	2014-2015	ARI	C	2	0	0	0	-1	0	0	0	0	0	0	0	1	0.0	09:34	13.5	52.9