1
Patrice Bergeron	2014-2015	BOS	C	81	23	32	55	2	44	4	14	1	2	4	1	234	9.8	18:07	25.7	60.2
2
Loui Eriksson	2014-2015	BOS	R	81	22	25	47	1	14	6	11	0	1	4	2	169	13.0	18:28	23.0	33.3
3
Carl Soderberg	2014-2015	BOS	C	82	13	31	44	10	26	5	8	0	0	3	0	163	8.0	16:48	20.8	48.2
4
Milan Lucic	2014-2015	BOS	L	81	18	26	44	13	81	2	8	0	0	4	0	141	12.8	16:21	20.3	44.7
5
Dougie Hamilton	2014-2015	BOS	D	72	10	32	42	-3	41	5	15	0	0	2	1	188	5.3	21:20	26.9	0.0
6
Brad Marchand	2014-2015	BOS	L	77	24	18	42	5	95	2	2	2	3	5	3	180	13.3	16:54	23.0	39.4
7
Reilly Smith	2014-2015	BOS	R	81	13	27	40	7	20	1	11	0	0	0	0	143	9.1	15:24	20.9	25.0
8
Torey Krug	2014-2015	BOS	D	78	12	27	39	13	20	2	14	0	0	0	0	205	5.9	19:35	24.7	0.0
9
David Krejci	2014-2015	BOS	C	47	7	24	31	7	22	1	8	1	1	1	0	70	10.0	18:10	22.3	53.2
10
Chris Kelly	2014-2015	BOS	C	80	7	21	28	6	48	0	0	1	2	2	0	112	6.3	15:08	20.8	48.6
11
David Pastrnak	2014-2015	BOS	R	46	10	17	27	12	8	2	3	0	0	3	1	93	10.8	13:58	18.5	29.4
12
Zdeno Chara	2014-2015	BOS	D	63	8	12	20	0	42	4	5	0	3	0	0	138	5.8	23:20	28.7	100.0
13
Ryan Spooner	2014-2015	BOS	C	29	8	10	18	2	2	3	5	0	0	1	1	73	11.0	14:32	18.3	45.5
14
Dennis Seidenberg	2014-2015	BOS	D	82	3	11	14	-1	34	0	0	0	0	0	0	103	2.9	22:06	28.1	0.0
15
Daniel Paille	2014-2015	BOS	L	71	6	7	13	-9	12	0	0	1	2	1	0	66	9.1	11:30	16.3	28.6
16
Gregory Campbell	2014-2015	BOS	C	70	6	6	12	1	45	0	0	1	1	2	0	64	9.4	12:08	17.6	53.6
17
Seth Griffith	2014-2015	BOS	C	30	6	4	10	-2	6	1	3	0	0	1	0	33	18.2	13:26	17.0	33.3
18
Kevan Miller	2014-2015	BOS	D	41	2	5	7	20	15	0	0	0	0	1	0	37	5.4	18:02	24.6	0.0
19
Adam McQuaid	2014-2015	BOS	D	63	1	6	7	-2	85	0	0	0	0	0	0	60	1.7	18:26	25.0	0.0
20
Zach Trotman	2014-2015	BOS	D	27	1	4	5	-2	0	0	0	0	0	1	0	46	2.2	16:24	23.0	0.0
21
Simon Gagne	2014-2015	BOS	L	23	3	1	4	0	4	0	0	0	0	1	0	27	11.1	11:18	15.7	11.1
22
Matt Bartkowski	2014-2015	BOS	D	47	0	4	4	-6	37	0	0	0	0	0	0	67	0.0	16:56	22.3	0.0
23
Matt Fraser	2014-2015	BOS, EDM	R	24	3	0	3	-5	7	0	0	0	0	1	0	29	10.3	10:31	14.5	0.0
24
Max Talbot	2014-2015	COL, BOS	C	18	0	3	3	-3	2	0	0	0	0	0	0	24	0.0	12:13	16.8	36.4
25
Craig Cunningham	2014-2015	BOS, ARI	L	32	2	1	3	-4	2	0	0	1	1	0	0	31	6.5	10:06	15.0	50.0
26
Brett Connolly	2014-2015	TBL, BOS	R	5	0	2	2	-1	10	0	1	0	0	0	0	9	0.0	14:21	18.8	0.0
27
Joe Morrow	2014-2015	BOS	D	15	1	0	1	3	4	0	0	0	0	0	0	20	5.0	16:41	21.8	0.0
28
Brian Ferlin	2014-2015	BOS	R	7	0	1	1	0	0	0	0	0	0	0	0	6	0.0	08:47	14.1	0.0
29
David Warsofsky	2014-2015	BOS	D	4	0	1	1	1	0	0	0	0	0	0	0	7	0.0	17:45	23.0	0.0
30
Jordan Caron	2014-2015	BOS, COL	R	11	0	0	0	-1	16	0	0	0	0	0	0	4	0.0	07:55	12.8	0.0
31
Bobby Robins	2014-2015	BOS	R	3	0	0	0	0	14	0	0	0	0	0	0	0	0.0	07:35	9.3	0.0
32
Alex Khokhlachev	2014-2015	BOS	C	3	0	0	0	-2	0	0	0	0	0	0	0	1	0.0	08:12	12.0	52.9
33
Matt Lindblad	2014-2015	BOS	C	2	0	0	0	0	0	0	0	0	0	0	0	3	0.0	07:45	13.5	0.0