1
Tyler Ennis	2014-2015	BUF	C	78	20	26	46	-19	37	6	17	1	1	2	0	185	10.8	19:06	21.7	36.6
2
Matt Moulson	2014-2015	BUF	L	77	13	28	41	-11	4	3	11	0	0	2	0	156	8.3	17:41	21.1	59.1
3
Brian Gionta	2014-2015	BUF	R	69	13	22	35	-13	18	3	9	1	1	2	0	153	8.5	18:03	22.1	40.8
4
Zemgus Girgensons	2014-2015	BUF	C	61	15	15	30	-16	25	1	4	3	3	1	0	115	13.0	19:04	23.7	44.0
5
Chris Stewart	2014-2015	BUF, MIN	R	61	11	14	25	-30	63	5	10	0	0	0	0	116	9.5	16:00	20.0	27.0
6
Drew Stafford	2014-2015	BUF, WPG	R	50	9	15	24	-18	39	2	5	0	1	1	0	91	9.9	15:58	19.7	50.0
7
Rasmus Ristolainen	2014-2015	BUF	D	78	8	12	20	-32	26	4	9	0	0	0	0	121	6.6	20:36	25.8	100.0
8
Marcus Foligno	2014-2015	BUF	L	57	8	12	20	-5	50	0	1	0	1	0	0	66	12.1	16:13	20.5	43.2
9
Brian Flynn	2014-2015	BUF, MTL	C	54	5	12	17	-3	8	0	1	0	2	0	0	73	6.8	15:53	21.6	47.6
10
Johan Larsson	2014-2015	BUF	L	39	6	10	16	0	12	1	4	0	0	0	0	50	12.0	14:30	17.7	44.0
11
Nicolas Deslauriers	2014-2015	BUF	L	82	5	10	15	-24	71	0	0	0	1	1	0	76	6.6	11:52	15.6	0.0
12
Nikita Zadorov	2014-2015	BUF	D	60	3	12	15	-10	51	2	5	0	0	1	1	52	5.8	17:42	22.5	100.0
13
Andrej Meszaros	2014-2015	BUF	D	60	7	7	14	-13	36	1	1	0	0	1	0	67	10.4	17:54	23.8	0.0
14
Cody Hodgson	2014-2015	BUF	C	78	6	7	13	-28	12	0	1	0	0	0	0	127	4.7	12:50	16.4	45.9
15
Tyler Myers	2014-2015	BUF, WPG	D	47	4	9	13	-15	61	1	4	0	0	0	0	72	5.6	25:03	30.7	0.0
16
Torrey Mitchell	2014-2015	BUF, MTL	C	51	6	7	13	-6	26	0	0	0	0	2	0	45	13.3	15:20	21.2	47.2
17
Andre Benoit	2014-2015	BUF	D	59	1	8	9	-19	20	0	1	1	1	0	0	45	2.2	18:08	24.7	0.0
18
Mike Weber	2014-2015	BUF	D	64	1	6	7	-22	68	0	0	0	1	0	0	41	2.4	18:44	24.4	0.0
19
Zach Bogosian	2014-2015	WPG, BUF	D	21	0	7	7	-7	38	0	1	0	0	0	0	51	0.0	26:34	29.1	0.0
20
Mikhail Grigorenko	2014-2015	BUF	C	25	3	3	6	-10	2	1	2	0	0	0	0	35	8.6	15:10	19.2	46.2
21
Josh Gorges	2014-2015	BUF	D	46	0	6	6	-28	16	0	0	0	1	0	0	28	0.0	22:21	29.8	0.0
22
Philip Varone	2014-2015	BUF	C	28	3	2	5	-14	10	0	0	0	0	0	0	28	10.7	13:26	17.7	45.1
23
Tyson Strachan	2014-2015	BUF	D	46	0	5	5	-30	44	0	0	0	1	0	0	38	0.0	18:59	24.7	0.0
24
Cody McCormick	2014-2015	BUF	C	33	1	3	4	-9	40	0	0	1	1	0	0	31	3.2	11:42	16.2	50.0
25
Patrick Kaleta	2014-2015	BUF	R	42	0	3	3	-11	36	0	0	0	1	0	0	25	0.0	08:52	13.5	37.5
26
Zac Dalpe	2014-2015	BUF	C	21	1	2	3	-11	4	0	0	0	0	0	0	29	3.4	09:16	13.6	60.6
27
Mark Pysyk	2014-2015	BUF	D	7	2	1	3	4	2	0	0	0	0	1	0	4	50.0	18:10	24.1	0.0
28
Tim Schaller	2014-2015	BUF	C	18	1	1	2	-5	2	0	0	0	0	0	0	19	5.3	11:20	16.1	39.8
29
Matt Ellis	2014-2015	BUF	L	39	1	1	2	-12	4	0	0	0	0	1	0	29	3.4	08:19	13.5	48.8
30
Sam Reinhart	2014-2015	BUF	C	9	0	1	1	-1	2	0	0	0	0	0	0	3	0.0	10:21	12.3	24.4
31
Chad Ruhwedel	2014-2015	BUF	D	4	0	1	1	3	0	0	0	0	0	0	0	4	0.0	12:27	16.5	0.0
32
Jake McCabe	2014-2015	BUF	D	2	0	0	0	0	0	0	0	0	0	0	0	2	0.0	11:07	16.5	0.0
33
Joel Armia	2014-2015	BUF	R	1	0	0	0	0	0	0	0	0	0	0	0	0	0.0	14:47	19.0	0.0
34
Jerry D'Amigo	2014-2015	BUF	R	9	0	0	0	-4	2	0	0	0	0	0	0	7	0.0	09:43	13.1	0.0