1
Eric Staal	2014-2015	CAR	C	77	23	31	54	-13	41	7	17	0	0	4	0	244	9.4	18:50	24.7	51.3
2
Justin Faulk	2014-2015	CAR	D	82	15	34	49	-19	30	7	20	2	2	4	0	238	6.3	24:25	30.5	0.0
3
Elias Lindholm	2014-2015	CAR	C	81	17	22	39	-23	14	4	15	0	0	4	1	170	10.0	16:25	22.4	52.3
4
Victor Rask	2014-2015	CAR	C	80	11	22	33	-14	16	2	11	0	0	2	0	172	6.4	16:20	22.6	51.0
5
Jeff Skinner	2014-2015	CAR	L	77	18	13	31	-24	18	4	7	0	0	2	0	235	7.7	16:02	21.2	45.7
6
Nathan Gerbe	2014-2015	CAR	L	78	10	18	28	-14	34	2	8	0	0	2	0	235	4.3	16:26	22.7	60.0
7
Riley Nash	2014-2015	CAR	C	68	8	17	25	-10	12	1	6	0	0	0	0	94	8.5	16:18	23.5	50.9
8
Jordan Staal	2014-2015	CAR	C	46	6	18	24	-6	14	1	7	0	0	1	0	92	6.5	18:33	24.5	56.4
9
Jiri Tlusty	2014-2015	CAR, WPG	R	52	13	10	23	-17	16	6	9	0	0	0	0	97	13.4	17:12	23.8	33.3
10
John-Michael Liles	2014-2015	CAR	D	57	2	20	22	-9	14	0	7	0	0	0	0	90	2.2	19:08	25.4	0.0
11
Jay McClement	2014-2015	CAR	C	82	7	14	21	-7	17	0	0	0	0	2	0	68	10.3	13:34	19.8	55.5
12
Chris Terry	2014-2015	CAR	L	57	11	9	20	-4	14	3	4	0	0	0	0	71	15.5	12:43	18.1	54.5
13
Andrej Sekera	2014-2015	CAR, LAK	D	57	2	17	19	-7	8	1	5	0	1	0	0	77	2.6	22:46	29.6	0.0
14
Alexander Semin	2014-2015	CAR	R	57	6	13	19	-10	32	0	4	0	0	0	0	93	6.5	15:55	20.8	33.3
15
Andrej Nestrasil	2014-2015	DET, CAR	C	41	7	11	18	2	4	2	4	0	0	0	0	66	10.6	14:04	19.0	57.6
16
Brad Malone	2014-2015	CAR	C	65	7	8	15	-8	74	0	0	0	0	2	0	65	10.8	10:09	14.7	61.2
17
Ryan Murphy	2014-2015	CAR	D	37	4	9	13	-11	8	3	5	0	0	1	0	61	6.6	18:17	24.0	0.0
18
Patrick Dwyer	2014-2015	CAR	R	71	5	7	12	-12	10	0	0	0	1	0	0	77	6.5	12:46	18.3	26.3
19
Ron Hainsey	2014-2015	CAR	D	81	2	8	10	-14	16	0	1	0	0	0	0	83	2.4	21:05	27.5	100.0
20
Brett Bellemore	2014-2015	CAR	D	49	2	8	10	1	27	0	0	0	0	1	0	26	7.7	16:22	23.1	0.0
21
Tim Gleason	2014-2015	CAR, WSH	D	55	1	6	7	-18	44	0	0	0	0	0	0	44	2.3	16:39	22.5	0.0
22
Zach Boychuk	2014-2015	CAR	L	31	3	3	6	0	4	0	0	0	0	0	0	35	8.6	10:37	15.6	0.0
23
Michal Jordan	2014-2015	CAR	D	38	2	4	6	-7	4	2	2	0	0	0	0	44	4.5	15:56	22.4	0.0
24
Jay Harrison	2014-2015	CAR, WPG	D	20	1	3	4	-5	42	0	0	0	0	0	0	23	4.3	16:30	21.7	0.0
25
Danny Biega	2014-2015	CAR	D	10	0	2	2	-5	0	0	0	0	0	0	0	7	0.0	16:08	22.5	0.0
26
Patrick Brown	2014-2015	CAR	C	7	0	0	0	-4	4	0	0	0	0	0	0	4	0.0	08:52	13.0	0.0
27
Justin Shugg	2014-2015	CAR	R	3	0	0	0	0	2	0	0	0	0	0	0	3	0.0	05:41	7.7	0.0
28
Jack Hillen	2014-2015	WSH, CAR	D	3	0	0	0	-2	0	0	0	0	0	0	0	4	0.0	18:35	26.7	0.0
29
Brody Sutter	2014-2015	CAR	C	4	0	0	0	-2	0	0	0	0	0	0	0	0	0.0	07:26	11.3	50.0
30
Brendan Woods	2014-2015	CAR	L	2	0	0	0	-1	0	0	0	0	0	0	0	3	0.0	06:02	9.5	0.0
31
Rasmus Rissanen	2014-2015	CAR	D	6	0	0	0	-5	4	0	0	0	0	0	0	3	0.0	14:58	22.5	0.0
32
Keegan Lowe	2014-2015	CAR	D	2	0	0	0	-2	10	0	0	0	0	0	0	0	0.0	13:50	19.5	0.0