1
Nick Foligno	2014-2015	CBJ	L	79	31	42	73	16	50	11	26	0	0	3	1	182	17.0	18:49	24.6	47.5
2
Ryan Johansen	2014-2015	CBJ	C	82	26	45	71	-6	40	7	26	2	2	0	0	202	12.9	19:30	25.2	52.0
3
Scott Hartnell	2014-2015	CBJ	L	77	28	32	60	1	100	8	16	0	0	2	0	204	13.7	17:17	22.5	50.0
4
Cam Atkinson	2014-2015	CBJ	R	78	22	18	40	-2	22	7	10	1	1	7	0	212	10.4	16:59	23.2	44.4
5
Jack Johnson	2014-2015	CBJ	D	79	8	32	40	-13	44	3	21	0	0	1	1	141	5.7	24:09	27.0	0.0
6
Brandon Dubinsky	2014-2015	CBJ	C	47	13	23	36	11	43	0	7	1	1	1	0	100	13.0	18:03	25.3	50.7
7
David Savard	2014-2015	CBJ	D	82	11	25	36	0	71	3	10	0	0	3	0	112	9.8	22:56	26.4	100.0
8
James Wisniewski	2014-2015	CBJ, ANA	D	56	8	21	29	-10	34	7	14	0	0	2	0	127	6.3	21:24	24.7	0.0
9
Artem Anisimov	2014-2015	CBJ	C	52	7	20	27	-6	8	0	4	0	3	2	1	88	8.0	16:22	22.2	44.5
10
Matt Calvert	2014-2015	CBJ	L	56	13	10	23	1	28	0	0	0	1	3	0	93	14.0	15:59	22.5	60.0
11
Marko Dano	2014-2015	CBJ	R	35	8	13	21	12	14	0	0	0	0	1	0	84	9.5	13:15	18.0	43.2
12
Alexander Wennberg	2014-2015	CBJ	C	68	4	16	20	-19	22	1	4	0	0	0	0	85	4.7	15:37	21.9	42.7
13
Kevin Connauton	2014-2015	DAL, CBJ	D	54	9	10	19	1	29	0	3	0	0	4	1	86	10.5	16:49	20.8	0.0
14
Boone Jenner	2014-2015	CBJ	C	31	9	8	17	-5	12	2	5	0	0	2	0	83	10.8	18:16	24.4	49.3
15
Fedor Tyutin	2014-2015	CBJ	D	67	3	12	15	8	40	0	1	0	2	0	0	56	5.4	19:55	25.2	0.0
16
Mark Letestu	2014-2015	CBJ	C	54	7	6	13	-9	0	0	1	1	1	1	0	63	11.1	13:20	19.9	52.9
17
Cody Goloubef	2014-2015	CBJ	D	36	0	9	9	12	19	0	0	0	1	0	0	23	0.0	15:33	19.9	0.0
18
Jack Skille	2014-2015	CBJ	R	45	6	2	8	-18	16	0	0	0	0	0	0	95	6.3	12:31	17.4	37.5
19
Corey Tropp	2014-2015	CBJ	R	61	1	7	8	-14	76	0	0	0	0	0	0	22	4.5	08:45	13.7	50.0
20
Dalton Prout	2014-2015	CBJ	D	63	0	8	8	-14	85	0	0	0	0	0	0	64	0.0	18:24	22.8	0.0
21
Jeremy Morin	2014-2015	CHI, CBJ	R	28	2	4	6	1	13	0	0	0	0	0	0	45	4.4	11:31	16.5	25.0
22
Tim Erixon	2014-2015	CBJ, CHI, TOR	D	19	1	5	6	-3	4	1	5	0	0	0	0	20	5.0	16:57	20.0	0.0
23
Brian Gibbons	2014-2015	CBJ	C	25	0	5	5	2	8	0	1	0	0	0	0	21	0.0	13:49	20.8	44.4
24
Michael Chaput	2014-2015	CBJ	C	33	1	4	5	-8	21	0	0	0	0	0	0	23	4.3	10:11	15.2	48.6
25
Jared Boll	2014-2015	CBJ	R	72	1	4	5	-13	109	0	0	0	0	0	0	28	3.6	07:16	11.6	0.0
26
Rene Bourque	2014-2015	MTL, ANA, CBJ	R	8	4	0	4	-2	4	1	1	0	0	1	1	23	17.4	14:59	21.6	0.0
27
Ryan Murray	2014-2015	CBJ	D	12	1	2	3	1	8	1	1	0	0	0	0	8	12.5	18:54	23.3	0.0
28
Jordan Leopold	2014-2015	STL, CBJ, MIN	D	18	1	2	3	-7	9	1	1	0	0	0	0	21	4.8	17:14	21.4	0.0
29
Kerby Rychel	2014-2015	CBJ	L	5	0	3	3	3	2	0	0	0	0	0	0	4	0.0	10:41	16.2	0.0
30
Sean Collins	2014-2015	CBJ	C	8	0	2	2	0	2	0	0	0	0	0	0	4	0.0	10:20	15.8	40.0
31
Justin Falk	2014-2015	MIN, CBJ	D	5	1	1	2	-3	7	0	0	0	0	0	0	8	12.5	15:13	20.4	0.0
32
William Karlsson	2014-2015	ANA, CBJ	C	3	1	1	2	2	0	0	0	0	0	0	0	5	20.0	12:46	16.7	39.4
33
Adam Cracknell	2014-2015	CBJ	R	17	0	1	1	-8	2	0	0	0	0	0	0	17	0.0	09:56	14.2	34.5
34
Josh Anderson	2014-2015	CBJ	R	6	0	1	1	-1	2	0	0	0	0	0	0	10	0.0	13:27	19.8	0.0
35
Frederic St_Denis	2014-2015	CBJ	D	4	0	1	1	-1	0	0	0	0	0	0	0	2	0.0	13:17	17.8	0.0
36
David Clarkson	2014-2015	TOR, CBJ	R	3	0	0	0	-1	14	0	0	0	0	0	0	2	0.0	12:18	16.0	50.0
37
Ryan Craig	2014-2015	CBJ	C	2	0	0	0	0	0	0	0	0	0	0	0	2	0.0	07:16	11.5	0.0
38
Dana Tyrell	2014-2015	CBJ	C	3	0	0	0	-1	0	0	0	0	0	0	0	1	0.0	06:56	11.7	0.0
39
Luke Adam	2014-2015	CBJ	C	3	0	0	0	0	4	0	0	0	0	0	0	0	0.0	06:26	10.3	0.0