1
Jiri Hudler	2014-2015	CGY	C	78	31	45	76	17	14	6	16	0	0	5	1	158	19.6	18:00	25.7	45.7
2
Johnny Gaudreau	2014-2015	CGY	L	80	24	40	64	11	14	8	21	0	0	4	0	167	14.4	17:43	24.6	37.5
3
Sean Monahan	2014-2015	CGY	C	81	31	31	62	8	12	10	19	1	2	8	3	191	16.2	19:37	27.6	49.3
4
Dennis Wideman	2014-2015	CGY	D	80	15	41	56	6	34	6	21	0	0	2	1	173	8.7	24:38	31.1	0.0
5
Mark Giordano	2014-2015	CGY	D	61	11	37	48	13	37	2	14	1	1	2	1	157	7.0	25:10	31.3	0.0
6
TJ Brodie	2014-2015	CGY	D	81	11	30	41	15	30	3	9	1	3	3	1	133	8.3	25:12	32.1	0.0
7
Lance Bouma	2014-2015	CGY	C	78	16	18	34	10	54	0	1	0	1	4	0	104	15.4	14:00	21.9	39.2
8
Kris Russell	2014-2015	CGY	D	79	4	30	34	18	17	1	14	0	0	0	0	111	3.6	23:56	31.7	0.0
9
David Jones	2014-2015	CGY	R	67	14	16	30	-3	18	2	2	0	0	1	0	114	12.3	14:20	21.8	48.4
10
Joe Colborne	2014-2015	CGY	C	64	8	20	28	7	43	1	5	1	1	1	0	67	11.9	15:25	22.3	52.4
11
Curtis Glencross	2014-2015	CGY, WSH	L	53	9	19	28	3	39	2	8	0	0	1	0	87	10.3	16:40	23.7	40.0
12
Mikael Backlund	2014-2015	CGY	C	52	10	17	27	4	14	0	1	2	2	2	1	103	9.7	17:44	26.3	48.3
13
Josh Jooris	2014-2015	CGY	C	60	12	12	24	1	16	4	5	0	0	4	1	89	13.5	14:29	22.8	48.7
14
Mason Raymond	2014-2015	CGY	L	57	12	11	23	-8	8	0	1	0	0	1	0	123	9.8	14:48	21.4	0.0
15
Paul Byron	2014-2015	CGY	L	57	6	13	19	-2	8	1	1	0	2	0	0	62	9.7	14:28	23.3	35.1
16
Markus Granlund	2014-2015	CGY	C	48	8	10	18	-4	16	1	2	0	0	1	0	65	12.3	13:22	21.2	36.8
17
Matt Stajan	2014-2015	CGY	C	59	7	10	17	7	28	0	0	0	1	0	0	46	15.2	11:59	19.0	50.3
18
Deryk Engelland	2014-2015	CGY	D	76	2	9	11	-16	53	0	0	0	1	0	0	51	3.9	14:23	20.7	0.0
19
Micheal Ferland	2014-2015	CGY	L	26	2	3	5	1	16	0	1	0	0	1	0	34	5.9	10:31	18.5	0.0
20
Brandon Bollig	2014-2015	CGY	L	62	1	4	5	-9	88	0	0	0	0	0	0	67	1.5	08:35	13.9	60.0
21
Raphael Diaz	2014-2015	CGY	D	56	2	2	4	-3	10	1	1	0	0	1	0	52	3.8	12:01	17.2	0.0
22
Sven Baertschi	2014-2015	CGY, VAN	L	15	0	4	4	-3	6	0	0	0	0	0	0	11	0.0	09:12	14.8	0.0
23
Drew Shore	2014-2015	CGY	C	11	1	2	3	-5	0	0	0	0	0	0	0	13	7.7	10:39	17.2	49.2
24
Emile Poirier	2014-2015	CGY	L	6	0	1	1	1	0	0	0	0	0	0	0	2	0.0	07:59	13.7	0.0
25
Sam Bennett	2014-2015	CGY	C	1	0	1	1	-1	0	0	0	0	0	0	0	1	0.0	16:00	25.0	16.7
26
Ladislav Smid	2014-2015	CGY	D	31	0	1	1	-12	13	0	0	0	0	0	0	21	0.0	13:58	19.2	0.0
27
David Schlemko	2014-2015	ARI, DAL, CGY	D	19	0	0	0	6	8	0	0	0	0	0	0	15	0.0	12:38	18.2	0.0
28
Brian McGrattan	2014-2015	CGY	R	8	0	0	0	-2	4	0	0	0	0	0	0	10	0.0	06:38	10.5	0.0
29
David Wolf	2014-2015	CGY	L	3	0	0	0	0	2	0	0	0	0	0	0	1	0.0	09:23	15.3	50.0
30
John Ramage	2014-2015	CGY	D	1	0	0	0	-1	0	0	0	0	0	0	0	4	0.0	18:10	25.0	0.0
31
Corban Knight	2014-2015	CGY	C	2	0	0	0	0	0	0	0	0	0	0	0	2	0.0	06:24	10.0	81.8
32
Devin Setoguchi	2014-2015	CGY	R	12	0	0	0	-7	4	0	0	0	0	0	0	12	0.0	12:08	19.3	50.0
33
Brett Kulak	2014-2015	CGY	D	1	0	0	0	0	2	0	0	0	0	0	0	0	0.0	19:31	29.0	0.0
34
Corey Potter	2014-2015	CGY	D	6	0	0	0	-1	0	0	0	0	0	0	0	2	0.0	09:39	14.3	0.0
35
Max Reinhart	2014-2015	CGY	C	4	0	0	0	-3	0	0	0	0	0	0	0	3	0.0	08:05	12.0	20.7
36
Tyler Wotherspoon	2014-2015	CGY	D	1	0	0	0	-3	0	0	0	0	0	0	0	1	0.0	20:19	28.0	0.0