1
Jonathan Toews	2014-2015	CHI	C	81	28	38	66	30	36	6	17	2	3	7	1	192	14.6	19:33	24.7	56.5
2
Patrick Kane	2014-2015	CHI	R	61	27	37	64	10	10	6	22	0	0	5	0	186	14.5	19:51	22.9	42.9
3
Marian Hossa	2014-2015	CHI	R	82	22	39	61	17	32	6	17	1	1	2	0	247	8.9	18:33	25.0	57.1
4
Brandon Saad	2014-2015	CHI	L	82	23	29	52	7	12	2	10	0	0	6	1	203	11.3	17:15	23.1	43.2
5
Duncan Keith	2014-2015	CHI	D	80	10	35	45	12	20	3	16	0	1	2	0	171	5.8	25:33	29.9	0.0
6
Patrick Sharp	2014-2015	CHI	L	68	16	27	43	-8	33	8	14	0	0	2	1	230	7.0	16:48	20.8	49.1
7
Brad Richards	2014-2015	CHI	C	76	12	25	37	3	12	2	7	0	0	3	0	199	6.0	14:53	18.7	48.4
8
Kris Versteeg	2014-2015	CHI	R	61	14	20	34	11	35	2	5	0	0	1	0	134	10.4	15:50	20.2	31.3
9
Brent Seabrook	2014-2015	CHI	D	82	8	23	31	-3	27	4	15	0	1	2	0	181	4.4	22:10	29.6	0.0
10
Bryan Bickell	2014-2015	CHI	L	80	14	14	28	5	38	1	3	0	0	3	0	113	12.4	12:04	15.9	0.0
11
Andrew Shaw	2014-2015	CHI	R	79	15	11	26	-8	67	5	6	0	0	2	0	146	10.3	14:56	18.6	50.1
12
Niklas Hjalmarsson	2014-2015	CHI	D	82	3	16	19	25	44	0	0	0	0	1	0	97	3.1	21:53	29.6	0.0
13
Marcus Kruger	2014-2015	CHI	C	81	7	10	17	-5	32	0	0	0	0	1	0	126	5.6	13:05	21.0	53.3
14
David Rundblad	2014-2015	CHI	D	49	3	11	14	17	12	0	1	0	0	1	0	58	5.2	12:47	17.2	0.0
15
Michal Rozsival	2014-2015	CHI	D	65	1	12	13	0	22	0	0	0	0	0	0	56	1.8	17:00	22.3	0.0
16
Johnny Oduya	2014-2015	CHI	D	76	2	8	10	5	26	0	0	0	0	0	0	76	2.6	20:17	28.0	0.0
17
Ben Smith	2014-2015	CHI, SJS	R	61	5	4	9	-1	2	0	0	0	0	0	0	77	6.5	13:35	20.9	51.1
18
Teuvo Teravainen	2014-2015	CHI	C	34	4	5	9	4	2	0	1	0	0	1	0	66	6.1	12:47	17.9	46.8
19
Daniel Carcillo	2014-2015	CHI	L	39	4	4	8	3	54	0	0	0	0	0	0	42	9.5	08:11	12.6	0.0
20
Antoine Vermette	2014-2015	ARI, CHI	C	19	0	3	3	-2	6	0	1	0	0	0	0	24	0.0	14:03	20.2	50.0
21
Joakim Nordstrom	2014-2015	CHI	L	38	0	3	3	-5	4	0	0	0	0	0	0	42	0.0	10:58	16.9	20.0
22
Andrew Desjardins	2014-2015	SJS, CHI	L	13	0	2	2	1	7	0	0	0	0	0	0	16	0.0	11:59	17.1	63.1
23
Adam Clendening	2014-2015	CHI, VAN	D	4	1	1	2	1	2	1	2	0	0	0	0	2	50.0	13:10	18.3	0.0
24
Trevor van Riemsdyk	2014-2015	CHI	D	18	0	1	1	0	2	0	0	0	0	0	0	21	0.0	13:32	17.7	0.0
25
Peter Regin	2014-2015	CHI	C	4	0	1	1	1	0	0	0	0	0	0	0	3	0.0	08:20	12.3	50.0
26
Klas Dahlbeck	2014-2015	CHI, ARI	D	4	1	0	1	-1	2	0	0	0	0	0	0	4	25.0	10:23	15.8	0.0
27
Michael Paliotta	2014-2015	CHI	D	1	0	1	1	0	0	0	0	0	0	0	0	2	0.0	12:45	19.0	0.0
28
Tim Erixon	2014-2015	CBJ, CHI, TOR	D	8	0	0	0	1	4	0	0	0	0	0	0	6	0.0	09:59	14.4	0.0
29
Phillip Danault	2014-2015	CHI	C	2	0	0	0	0	0	0	0	0	0	0	0	2	0.0	09:30	14.5	30.0
30
Kyle Baun	2014-2015	CHI	R	3	0	0	0	-1	0	0	0	0	0	0	0	4	0.0	12:32	17.3	0.0
31
Ryan Hartman	2014-2015	CHI	R	5	0	0	0	-1	2	0	0	0	0	0	0	8	0.0	08:17	13.0	0.0
32
Kimmo Timonen	2014-2015	CHI	D	16	0	0	0	-3	2	0	0	0	0	0	0	10	0.0	11:58	18.3	0.0
33
Jeremy Morin	2014-2015	CHI, CBJ	R	15	0	0	0	0	15	0	0	0	0	0	0	28	0.0	07:44	11.1	100.0
34
Kyle Cumiskey	2014-2015	CHI	D	7	0	0	0	-1	0	0	0	0	0	0	0	5	0.0	13:17	20.1	0.0