1
Gabriel Landeskog	2014-2015	COL	L	82	23	36	59	-2	79	8	17	0	0	2	0	214	10.7	18:30	22.7	35.6
2
Jarome Iginla	2014-2015	COL	R	82	29	30	59	0	42	8	13	0	0	2	0	189	15.3	18:08	21.8	44.5
3
Alex Tanguay	2014-2015	COL	L	80	22	33	55	-1	40	2	14	1	1	4	0	104	21.2	18:09	23.9	42.9
4
Matt Duchene	2014-2015	COL	C	82	21	34	55	3	16	2	7	0	0	4	0	207	10.1	18:34	22.6	52.2
5
Ryan O'Reilly	2014-2015	COL	C	82	17	38	55	-5	12	2	12	1	2	1	1	171	9.9	19:43	24.8	53.4
6
Tyson Barrie	2014-2015	COL	D	80	12	41	53	5	26	2	16	0	0	0	0	139	8.6	21:21	25.4	0.0
7
Nathan MacKinnon	2014-2015	COL	C	64	14	24	38	-7	34	3	7	0	0	2	0	192	7.3	17:02	21.3	47.0
8
John Mitchell	2014-2015	COL	C	68	11	15	26	-9	32	3	4	1	1	1	0	105	10.5	15:51	20.4	50.9
9
Erik Johnson	2014-2015	COL	D	47	12	11	23	2	33	3	6	0	1	2	0	115	10.4	24:25	31.0	0.0
10
Zach Redmond	2014-2015	COL	D	59	5	15	20	-1	24	1	6	0	0	1	0	93	5.4	17:08	22.1	0.0
11
Max Talbot	2014-2015	COL, BOS	C	63	5	10	15	2	27	0	0	0	0	1	0	73	6.8	14:00	19.1	49.0
12
Nate Guenin	2014-2015	COL	D	76	2	13	15	-1	32	0	0	0	0	0	0	38	5.3	16:50	23.3	0.0
13
Nick Holden	2014-2015	COL	D	78	5	9	14	-11	28	2	6	0	0	2	0	94	5.3	19:48	25.5	0.0
14
Jan Hejda	2014-2015	COL	D	81	1	12	13	-12	42	0	0	0	1	0	0	84	1.2	20:39	26.9	0.0
15
Brad Stuart	2014-2015	COL	D	65	3	10	13	-4	16	0	1	0	0	0	0	64	4.7	20:21	27.0	100.0
16
Dennis Everberg	2014-2015	COL	R	55	3	9	12	-7	10	0	0	0	0	0	0	62	4.8	11:48	17.2	0.0
17
Cody McLeod	2014-2015	COL	L	82	7	5	12	-2	191	0	0	1	1	2	0	94	7.4	11:11	16.0	11.1
18
Daniel Briere	2014-2015	COL	C	57	8	4	12	-7	18	0	0	0	0	3	1	69	11.6	12:07	16.1	54.2
19
Marc-Andre Cliche	2014-2015	COL	C	74	2	5	7	-2	17	0	0	0	0	0	0	68	2.9	10:36	16.0	51.3
20
Jamie McGinn	2014-2015	COL	L	19	4	2	6	-9	6	1	1	0	0	0	0	36	11.1	14:46	18.9	100.0
21
Joey Hishon	2014-2015	COL	C	13	1	1	2	-1	0	0	0	0	0	1	0	19	5.3	10:06	14.5	44.9
22
Borna Rendulic	2014-2015	COL	R	11	1	1	2	1	6	0	0	0	0	0	0	6	16.7	09:24	13.8	0.0
23
Tomas Vincour	2014-2015	COL	C	7	0	1	1	-1	2	0	0	0	0	0	0	2	0.0	07:10	11.7	0.0
24
Andrew Agozzino	2014-2015	COL	L	1	0	1	1	1	0	0	0	0	0	0	0	1	0.0	09:45	14.0	0.0
25
Freddie Hamilton	2014-2015	SJS, COL	C	17	1	0	1	-1	0	0	0	0	0	1	0	11	9.1	07:31	11.2	39.0
26
Paul Carey	2014-2015	COL	C	10	0	1	1	2	0	0	0	0	0	0	0	5	0.0	07:52	11.0	0.0
27
Michael Sgarbossa	2014-2015	COL	C	3	0	1	1	0	10	0	0	0	0	0	0	2	0.0	07:05	11.3	45.0
28
Ryan Wilson	2014-2015	COL	D	3	0	0	0	-3	0	0	0	0	0	0	0	3	0.0	11:12	14.3	0.0
29
Duncan Siemens	2014-2015	COL	D	1	0	0	0	0	0	0	0	0	0	0	0	0	0.0	14:00	22.0	0.0
30
Patrick Bordeleau	2014-2015	COL	L	1	0	0	0	0	0	0	0	0	0	0	0	0	0.0	06:46	12.0	0.0
31
Stefan Elliott	2014-2015	COL	D	5	0	0	0	-2	2	0	0	0	0	0	0	10	0.0	13:56	19.4	0.0
32
Colin Smith	2014-2015	COL	C	1	0	0	0	0	0	0	0	0	0	0	0	1	0.0	06:06	9.0	40.0
33
Ben Street	2014-2015	COL	C	3	0	0	0	0	0	0	0	0	0	0	0	4	0.0	11:35	18.3	53.1
34
Jordan Caron	2014-2015	BOS, COL	R	19	0	0	0	-1	2	0	0	0	0	0	0	8	0.0	08:05	11.9	0.0
35
Karl Stollery	2014-2015	COL, SJS	D	5	0	0	0	3	2	0	0	0	0	0	0	3	0.0	11:25	16.8	0.0