1
Jamie Benn	2014-2015	DAL	L	82	35	52	87	1	64	10	23	2	5	6	0	253	13.8	19:56	27.1	51.7
2
Tyler Seguin	2014-2015	DAL	C	71	37	40	77	-1	20	13	29	0	0	5	0	280	13.2	19:33	24.3	53.8
3
Jason Spezza	2014-2015	DAL	C	82	17	45	62	-7	28	4	26	0	0	1	0	204	8.3	17:13	22.6	54.0
4
John Klingberg	2014-2015	DAL	D	65	11	29	40	5	32	2	12	0	0	3	1	98	11.2	21:50	27.0	0.0
5
Cody Eakin	2014-2015	DAL	C	78	19	21	40	-1	26	2	4	2	3	6	2	142	13.4	17:11	24.8	50.8
6
Trevor Daley	2014-2015	DAL	D	68	16	22	38	-13	34	6	12	2	2	2	0	113	14.2	22:52	30.1	0.0
7
Alex Goligoski	2014-2015	DAL	D	81	4	32	36	0	24	0	8	0	2	0	0	122	3.3	23:48	30.7	0.0
8
Erik Cole	2014-2015	DAL, DET	L	57	18	15	33	4	14	2	6	1	1	0	0	98	18.4	14:31	20.4	26.7
9
Ales Hemsky	2014-2015	DAL	R	76	11	21	32	-8	16	1	8	0	0	1	1	140	7.9	13:38	19.9	0.0
10
Vernon Fiddler	2014-2015	DAL	C	80	13	16	29	-5	34	3	3	1	2	2	0	132	9.8	13:07	20.6	51.9
11
Shawn Horcoff	2014-2015	DAL	C	76	11	18	29	9	27	4	5	0	0	1	0	82	13.4	13:01	19.2	50.2
12
Patrick Eaves	2014-2015	DAL	R	47	14	13	27	12	8	6	9	0	0	2	0	91	15.4	13:43	19.8	40.0
13
Colton Sceviour	2014-2015	DAL	C	71	9	17	26	1	13	0	4	0	0	2	0	113	8.0	12:42	18.4	42.3
14
Ryan Garbutt	2014-2015	DAL	L	67	8	17	25	-9	55	0	0	1	1	2	0	143	5.6	13:33	21.3	64.0
15
Antoine Roussel	2014-2015	DAL	L	80	13	12	25	-20	148	0	3	0	0	1	0	113	11.5	14:31	22.1	17.6
16
Jason Demers	2014-2015	SJS, DAL	D	61	5	17	22	3	63	2	5	0	0	2	0	79	6.3	19:25	27.7	0.0
17
Jordie Benn	2014-2015	DAL	D	73	2	14	16	-5	34	0	2	0	0	0	0	70	2.9	18:03	26.1	0.0
18
Jyrki Jokipakka	2014-2015	DAL	D	51	0	10	10	-2	8	0	0	0	0	0	0	40	0.0	16:30	24.0	0.0
19
Travis Moen	2014-2015	MTL, DAL	L	34	3	6	9	0	14	0	0	0	0	0	0	25	12.0	09:03	13.8	0.0
20
Brett Ritchie	2014-2015	DAL	R	31	6	3	9	-1	12	0	1	0	0	1	0	78	7.7	13:59	19.4	25.0
21
Jamie Oleksiak	2014-2015	DAL	D	36	1	7	8	0	8	0	0	0	0	0	0	36	2.8	13:23	20.1	0.0
22
Curtis McKenzie	2014-2015	DAL	L	36	4	1	5	-8	48	0	0	0	0	0	0	41	9.8	11:32	17.0	37.5
23
Patrik Nemeth	2014-2015	DAL	D	22	0	3	3	0	6	0	0	0	0	0	0	16	0.0	16:12	22.0	0.0
24
Kevin Connauton	2014-2015	DAL, CBJ	D	8	0	2	2	4	6	0	0	0	0	0	0	10	0.0	12:05	17.5	0.0
25
Valeri Nichushkin	2014-2015	DAL	R	8	0	1	1	-5	2	0	0	0	0	0	0	6	0.0	13:46	18.3	0.0
26
Sergei Gonchar	2014-2015	DAL, MTL	D	3	0	1	1	-1	2	0	0	0	0	0	0	1	0.0	13:01	18.3	0.0
27
Brenden Dillon	2014-2015	DAL, SJS	D	20	0	1	1	-2	23	0	0	0	0	0	0	16	0.0	20:36	27.4	0.0
28
David Schlemko	2014-2015	ARI, DAL, CGY	D	5	0	0	0	0	0	0	0	0	0	0	0	6	0.0	14:24	20.6	0.0
29
Travis Morin	2014-2015	DAL	C	6	0	0	0	1	0	0	0	0	0	0	0	10	0.0	12:05	16.5	46.7
30
Brendan Ranford	2014-2015	DAL	L	1	0	0	0	0	0	0	0	0	0	0	0	0	0.0	09:19	13.0	0.0