1
Henrik Zetterberg	2014-2015	DET	L	77	17	49	66	-6	32	4	28	0	0	3	1	227	7.5	19:06	24.2	50.8
2
Pavel Datsyuk	2014-2015	DET	C	63	26	39	65	12	8	8	24	0	0	5	1	165	15.8	19:03	24.3	53.6
3
Tomas Tatar	2014-2015	DET	L	82	29	27	56	6	28	9	19	0	0	7	0	211	13.7	16:13	22.2	50.0
4
Gustav Nyquist	2014-2015	DET	R	82	27	27	54	-11	26	14	24	0	0	4	1	195	13.8	16:39	22.2	11.1
5
Niklas Kronwall	2014-2015	DET	D	80	9	35	44	-4	40	3	23	0	0	1	1	101	8.9	23:50	31.8	100.0
6
Justin Abdelkader	2014-2015	DET	L	71	23	21	44	3	72	8	14	0	0	5	2	154	14.9	17:54	23.9	46.7
7
Riley Sheahan	2014-2015	DET	C	79	13	23	36	-3	16	5	11	0	0	0	0	123	10.6	15:38	22.4	49.9
8
Darren Helm	2014-2015	DET	C	75	15	18	33	7	12	3	7	2	2	1	0	160	9.4	15:50	22.8	53.0
9
Danny DeKeyser	2014-2015	DET	D	80	2	29	31	11	42	0	6	0	0	1	0	89	2.2	20:55	30.6	0.0
10
Stephen Weiss	2014-2015	DET	C	52	9	16	25	-2	16	3	9	0	0	1	0	52	17.3	11:20	16.5	47.6
11
Johan Franzen	2014-2015	DET	R	33	7	15	22	-12	30	4	11	0	0	3	0	74	9.5	16:03	22.3	33.3
12
Tomas Jurco	2014-2015	DET	R	63	3	15	18	6	14	1	2	0	0	0	0	92	3.3	11:30	16.8	0.0
13
Kyle Quincey	2014-2015	DET	D	73	3	15	18	10	77	0	0	0	1	0	0	90	3.3	19:28	28.4	0.0
14
Luke Glendening	2014-2015	DET	C	82	12	6	18	5	34	1	1	0	0	2	0	104	11.5	14:43	21.3	51.9
15
Jonathan Ericsson	2014-2015	DET	D	82	3	12	15	-5	70	0	0	0	1	0	0	82	3.7	19:34	29.2	0.0
16
Drew Miller	2014-2015	DET	L	82	5	8	13	-3	25	0	1	1	1	0	0	98	5.1	13:26	18.9	31.6
17
Jakub Kindl	2014-2015	DET	D	35	5	8	13	2	22	2	7	0	0	0	0	54	9.3	15:54	23.2	0.0
18
Brendan Smith	2014-2015	DET	D	76	4	9	13	-2	68	0	2	0	0	1	0	88	4.5	17:53	25.6	0.0
19
Marek Zidlicky	2014-2015	NJD, DET	D	21	3	8	11	-2	14	3	8	0	0	1	1	27	11.1	18:01	25.1	0.0
20
Teemu Pulkkinen	2014-2015	DET	L	31	5	3	8	5	10	1	2	0	0	2	0	67	7.5	11:28	15.8	0.0
21
Joakim Andersson	2014-2015	DET	C	68	3	5	8	-4	22	0	0	0	0	1	0	74	4.1	11:37	17.3	51.2
22
Erik Cole	2014-2015	DAL, DET	L	11	3	3	6	-2	0	1	3	0	0	0	0	24	12.5	14:39	20.0	100.0
23
Xavier Ouellet	2014-2015	DET	D	21	2	1	3	4	2	0	0	0	0	0	0	27	7.4	16:23	22.7	0.0
24
Daniel Cleary	2014-2015	DET	R	17	1	1	2	-4	6	0	0	0	0	0	0	17	5.9	09:08	14.2	50.0
25
Brian Lashoff	2014-2015	DET	D	11	0	2	2	4	6	0	0	0	0	0	0	7	0.0	13:17	22.0	0.0
26
Andrej Nestrasil	2014-2015	DET, CAR	C	13	0	2	2	-3	4	0	1	0	0	0	0	16	0.0	11:03	16.1	100.0
27
Alexey Marchenko	2014-2015	DET	D	13	1	1	2	1	2	0	0	0	0	0	0	7	14.3	15:25	23.2	0.0
28
Landon Ferraro	2014-2015	DET	C	3	1	0	1	1	0	0	0	0	0	1	0	4	25.0	11:59	19.3	0.0