1
Jordan Eberle	2014-2015	EDM	R	81	24	39	63	-16	24	6	21	0	0	2	0	183	13.1	19:02	24.6	16.7
2
Ryan Nugent-Hopkins	2014-2015	EDM	C	76	24	32	56	-12	25	2	14	0	1	2	1	189	12.7	20:38	26.7	45.7
3
Taylor Hall	2014-2015	EDM	L	53	14	24	38	-1	40	3	6	0	0	0	0	158	8.9	19:13	24.6	45.9
4
Benoit Pouliot	2014-2015	EDM	L	58	19	15	34	-1	28	4	7	1	1	3	0	105	18.1	16:37	23.6	38.2
5
Teddy Purcell	2014-2015	EDM	R	82	12	22	34	-33	24	5	12	0	0	0	0	146	8.2	17:09	23.1	57.1
6
Nail Yakupov	2014-2015	EDM	R	81	14	19	33	-35	18	5	10	0	0	1	0	191	7.3	15:26	20.6	0.0
7
Justin Schultz	2014-2015	EDM	D	81	6	25	31	-17	12	0	12	0	0	1	0	122	4.9	22:36	27.0	100.0
8
Derek Roy	2014-2015	NSH, EDM	C	46	11	11	22	-13	22	4	5	0	0	2	0	78	14.1	16:53	21.2	43.6
9
Oscar Klefbom	2014-2015	EDM	D	60	2	18	20	-21	4	0	2	0	0	0	0	98	2.0	21:59	27.9	0.0
10
Anton Lander	2014-2015	EDM	C	38	6	14	20	-12	14	4	7	0	0	2	1	61	9.8	15:00	19.8	50.1
11
David Perron	2014-2015	EDM, PIT	L	38	5	14	19	-17	20	0	4	0	0	1	0	74	6.8	16:59	23.4	33.3
12
Matt Hendricks	2014-2015	EDM	L	71	8	8	16	-14	76	0	1	1	1	0	0	103	7.8	13:09	19.8	49.5
13
Jeff Petry	2014-2015	EDM, MTL	D	59	4	11	15	-25	32	1	4	0	1	1	0	103	3.9	20:57	27.2	0.0
14
Andrew Ference	2014-2015	EDM	D	70	3	11	14	-17	39	0	0	0	1	0	0	58	5.2	18:52	25.3	0.0
15
Boyd Gordon	2014-2015	EDM	C	68	6	7	13	-5	17	1	1	1	2	1	0	65	9.2	13:19	22.4	55.9
16
Mark Arcobello	2014-2015	EDM, NSH, PIT, ARI	R	36	7	5	12	-7	12	0	1	0	1	0	0	54	13.0	15:22	22.7	47.9
17
Nikita Nikitin	2014-2015	EDM	D	42	4	6	10	-12	12	2	3	0	0	1	0	80	5.0	19:38	25.9	0.0
18
Matt Fraser	2014-2015	BOS, EDM	R	36	5	4	9	-11	10	1	1	0	0	0	0	63	7.9	11:40	15.8	100.0
19
Leon Draisaitl	2014-2015	EDM	C	37	2	7	9	-17	4	1	2	0	0	1	0	49	4.1	12:41	17.5	40.6
20
Mark Fayne	2014-2015	EDM	D	74	2	6	8	-21	14	0	0	0	2	0	0	78	2.6	17:56	26.6	0.0
21
Andrew Miller	2014-2015	EDM	C	9	1	5	6	-2	0	0	0	0	0	0	0	14	7.1	13:45	18.2	50.0
22
Martin Marincin	2014-2015	EDM	D	41	1	4	5	-4	16	0	0	0	0	0	0	38	2.6	18:38	26.2	100.0
23
Steven Pinizzotto	2014-2015	EDM	R	18	2	2	4	1	30	0	0	0	0	0	0	15	13.3	07:55	11.6	0.0
24
Jesse Joensuu	2014-2015	EDM	L	20	2	2	4	-8	14	0	0	1	1	0	0	18	11.1	10:37	17.5	0.0
25
Luke Gazdic	2014-2015	EDM	L	40	2	1	3	-4	43	0	0	0	0	0	0	26	7.7	07:23	10.7	0.0
26
Rob Klinkhammer	2014-2015	ARI, PIT, EDM	L	40	1	2	3	-7	23	0	0	0	0	0	0	31	3.2	11:04	16.1	25.7
27
Iiro Pakarinen	2014-2015	EDM	R	17	1	2	3	-4	2	0	2	0	0	0	0	34	2.9	10:08	14.8	100.0
28
Brad Hunt	2014-2015	EDM	D	11	1	2	3	-6	0	1	1	0	0	0	0	20	5.0	19:29	25.8	0.0
29
Tyler Pitlick	2014-2015	EDM	R	17	2	0	2	-3	4	0	0	0	0	1	0	18	11.1	12:26	18.1	55.6
30
Ryan Hamilton	2014-2015	EDM	L	16	1	1	2	-8	6	1	1	0	0	0	0	12	8.3	13:12	17.6	25.0
31
David Musil	2014-2015	EDM	D	4	0	2	2	-2	2	0	0	0	0	0	0	3	0.0	19:48	27.3	0.0
32
Brandon Davidson	2014-2015	EDM	D	12	1	0	1	-5	0	0	0	0	0	0	0	7	14.3	15:08	21.9	0.0
33
Keith Aulie	2014-2015	EDM	D	31	0	1	1	-3	66	0	0	0	0	0	0	25	0.0	14:18	20.9	0.0
34
Jordan Oesterle	2014-2015	EDM	D	6	0	1	1	-4	0	0	0	0	0	0	0	7	0.0	14:41	17.8	0.0
35
Bogdan Yakimov	2014-2015	EDM	C	1	0	0	0	-1	0	0	0	0	0	0	0	1	0.0	11:19	18.0	42.9
36
Will Acton	2014-2015	EDM	C	3	0	0	0	-2	5	0	0	0	0	0	0	2	0.0	10:42	17.3	50.0
37
Darnell Nurse	2014-2015	EDM	D	2	0	0	0	-2	0	0	0	0	0	0	0	2	0.0	16:59	24.5	0.0
38
Curtis Hamilton	2014-2015	EDM	L	1	0	0	0	0	5	0	0	0	0	0	0	0	0.0	08:01	14.0	0.0