1
Jonathan Huberdeau	2014-2015	FLA	L	79	15	39	54	10	38	0	12	0	0	0	0	169	8.9	16:44	20.7	25.0
2
Jussi Jokinen	2014-2015	FLA	L	81	8	36	44	-2	34	2	9	0	0	0	0	134	6.0	16:44	22.1	50.4
3
Nick Bjugstad	2014-2015	FLA	C	72	24	19	43	-7	38	7	12	0	0	3	0	207	11.6	16:34	20.9	48.9
4
Aaron Ekblad	2014-2015	FLA	D	81	12	27	39	12	32	6	13	0	0	4	0	170	7.0	21:48	24.3	0.0
5
Brad Boyes	2014-2015	FLA	R	78	14	24	38	11	20	5	9	0	0	4	1	151	9.3	15:39	19.4	56.1
6
Aleksander Barkov	2014-2015	FLA	C	71	16	20	36	-4	16	3	7	0	0	3	0	123	13.0	17:29	21.4	46.1
7
Jimmy Hayes	2014-2015	FLA	R	72	19	16	35	-4	20	4	11	0	0	3	0	166	11.4	15:08	18.3	44.4
8
Brian Campbell	2014-2015	FLA	D	82	3	24	27	4	22	1	12	0	0	0	0	118	2.5	23:12	25.4	0.0
9
Brandon Pirri	2014-2015	FLA	C	49	22	2	24	6	14	7	7	0	0	4	0	143	15.4	14:46	18.1	49.1
10
Dave Bolland	2014-2015	FLA	C	53	6	17	23	4	48	0	5	1	1	0	0	76	7.9	16:21	22.3	44.5
11
Vincent Trocheck	2014-2015	FLA	C	50	7	15	22	9	24	1	1	0	0	0	0	89	7.9	14:00	17.2	48.6
12
Dmitry Kulikov	2014-2015	FLA	D	73	3	19	22	0	48	1	6	0	1	0	0	83	3.6	21:18	26.1	0.0
13
Tomas Fleischmann	2014-2015	FLA, ANA	L	52	7	14	21	12	8	0	1	0	0	1	0	107	6.5	14:50	19.7	22.2
14
Sean Bergenheim	2014-2015	FLA, MIN	L	39	8	10	18	2	34	0	2	0	0	2	0	84	9.5	14:09	17.7	40.0
15
Jaromir Jagr	2014-2015	NJD, FLA	R	20	6	12	18	7	6	2	4	0	0	2	0	50	12.0	17:15	20.9	100.0
16
Scottie Upshall	2014-2015	FLA	R	63	8	7	15	-8	28	0	1	0	0	2	0	93	8.6	12:40	18.2	52.3
17
Erik Gudbranson	2014-2015	FLA	D	76	4	9	13	-4	58	0	4	0	0	0	0	110	3.6	18:37	24.1	0.0
18
Derek MacKenzie	2014-2015	FLA	C	82	5	6	11	-17	45	1	1	0	0	0	0	72	6.9	12:27	18.2	53.1
19
Willie Mitchell	2014-2015	FLA	D	66	3	5	8	1	25	0	0	0	1	0	0	78	3.8	21:40	26.2	0.0
20
Tomas Kopecky	2014-2015	FLA	R	64	2	6	8	-19	28	0	0	0	0	1	0	106	1.9	12:54	18.0	75.0
21
Dylan Olsen	2014-2015	FLA	D	44	2	6	8	-7	20	0	1	0	0	0	0	44	4.5	15:54	22.2	0.0
22
Shawn Thornton	2014-2015	FLA	L	46	1	4	5	-13	50	0	0	0	0	0	0	53	1.9	09:35	13.4	25.0
23
Steven Kampfer	2014-2015	FLA	D	25	2	2	4	-4	12	0	1	0	0	1	0	28	7.1	17:11	21.8	0.0
24
Alex Petrovic	2014-2015	FLA	D	33	0	3	3	-4	34	0	0	0	0	0	0	29	0.0	16:15	20.8	0.0
25
Rocco Grimaldi	2014-2015	FLA	C	7	1	0	1	1	4	0	0	0	0	0	0	18	5.6	12:36	18.1	42.9
26
Shane O'Brien	2014-2015	FLA	D	9	0	1	1	-4	5	0	0	0	0	0	0	4	0.0	13:28	19.3	0.0
27
Garrett Wilson	2014-2015	FLA	L	2	0	0	0	-2	0	0	0	0	0	0	0	5	0.0	08:50	12.5	0.0
28
Colby Robak	2014-2015	FLA, ANA	D	7	0	0	0	-1	2	0	0	0	0	0	0	6	0.0	12:57	17.0	0.0