1
Anze Kopitar	2014-2015	LAK	C	79	16	48	64	-2	10	6	24	0	0	4	0	134	11.9	19:23	23.0	52.6
2
Jeff Carter	2014-2015	LAK	C	82	28	34	62	7	28	10	15	1	2	5	0	218	12.8	17:58	22.1	52.6
3
Tyler Toffoli	2014-2015	LAK	C	76	23	26	49	25	37	3	5	5	6	3	0	200	11.5	14:35	19.3	44.4
4
Marian Gaborik	2014-2015	LAK	R	69	27	20	47	7	16	11	18	0	0	2	0	174	15.5	16:54	20.0	100.0
5
Drew Doughty	2014-2015	LAK	D	82	7	39	46	3	56	1	17	0	1	2	0	219	3.2	28:59	32.6	0.0
6
Jake Muzzin	2014-2015	LAK	D	76	10	31	41	-4	22	4	14	0	1	3	0	173	5.8	22:41	29.5	0.0
7
Justin Williams	2014-2015	LAK	R	81	18	23	41	8	29	4	13	0	0	2	0	174	10.3	15:49	19.3	50.0
8
Dustin Brown	2014-2015	LAK	R	82	11	16	27	-17	26	1	6	0	0	3	0	189	5.8	16:31	21.0	42.9
9
Dwight King	2014-2015	LAK	L	81	13	13	26	-3	21	0	1	0	1	1	0	127	10.2	14:23	18.6	60.0
10
Trevor Lewis	2014-2015	LAK	C	73	9	16	25	8	14	0	0	1	1	2	0	143	6.3	14:06	18.5	42.9
11
Brayden McNabb	2014-2015	LAK	D	71	2	22	24	11	52	0	5	0	0	1	0	74	2.7	15:53	21.7	100.0
12
Alec Martinez	2014-2015	LAK	D	56	6	16	22	9	10	1	4	0	0	1	0	103	5.8	19:55	27.1	0.0
13
Jarret Stoll	2014-2015	LAK	C	73	6	11	17	3	58	3	4	0	2	2	1	83	7.2	15:29	21.1	51.0
14
Mike Richards	2014-2015	LAK	C	53	5	11	16	-10	39	1	3	0	0	1	0	63	7.9	13:21	18.2	48.7
15
Tanner Pearson	2014-2015	LAK	L	42	12	4	16	14	14	1	1	0	0	3	0	68	17.6	13:17	17.9	62.5
16
Kyle Clifford	2014-2015	LAK	L	80	6	9	15	5	87	0	0	0	0	1	0	117	5.1	10:44	14.2	33.3
17
Robyn Regehr	2014-2015	LAK	D	67	3	10	13	10	45	0	0	0	1	0	0	63	4.8	20:19	27.3	0.0
18
Jordan Nolan	2014-2015	LAK	C	60	6	3	9	-6	54	0	0	0	0	1	0	44	13.6	09:57	12.9	16.7
19
Jamie McBain	2014-2015	LAK	D	26	3	6	9	4	4	1	3	0	0	0	0	18	16.7	12:41	18.2	0.0
20
Matt Greene	2014-2015	LAK	D	82	3	6	9	1	54	0	0	0	0	0	0	69	4.3	15:48	23.5	0.0
21
Nick Shore	2014-2015	LAK	C	34	1	6	7	0	10	0	1	0	0	0	0	33	3.0	11:05	14.8	53.8
22
Andrej Sekera	2014-2015	CAR, LAK	D	16	1	3	4	4	6	0	1	0	0	0	0	23	4.3	19:12	24.8	0.0
23
Andy Andreoff	2014-2015	LAK	L	18	2	1	3	1	18	0	0	0	0	1	0	14	14.3	08:34	12.2	52.5
24
Slava Voynov	2014-2015	LAK	D	6	0	2	2	0	2	0	1	0	1	0	0	5	0.0	23:11	29.8	0.0
25
Jeff Schultz	2014-2015	LAK	D	9	0	1	1	1	4	0	0	0	0	0	0	7	0.0	16:44	23.4	0.0
26
David Van Der Gulik	2014-2015	LAK	L	1	0	0	0	0	0	0	0	0	0	0	0	1	0.0	05:15	10.0	0.0