1
Zach Parise	2014-2015	MIN	L	74	33	29	62	21	41	11	16	0	0	3	0	259	12.7	19:11	22.5	16.7
2
Jason Pominville	2014-2015	MIN	R	82	18	36	54	9	8	3	14	0	0	4	0	252	7.1	18:17	21.6	44.8
3
Thomas Vanek	2014-2015	MIN	L	80	21	31	52	-6	37	5	17	0	0	2	0	171	12.3	16:12	19.8	50.0
4
Mikko Koivu	2014-2015	MIN	C	80	14	34	48	2	38	4	15	0	0	4	1	179	7.8	19:16	24.4	55.2
5
Mikael Granlund	2014-2015	MIN	C	68	8	31	39	17	20	0	8	0	0	2	0	99	8.1	17:53	21.9	48.4
6
Ryan Suter	2014-2015	MIN	D	77	2	36	38	7	48	1	11	0	1	1	0	150	1.3	29:03	31.0	0.0
7
Nino Niederreiter	2014-2015	MIN	R	80	24	13	37	2	28	6	8	1	1	5	0	149	16.1	14:32	19.7	28.6
8
Charlie Coyle	2014-2015	MIN	C	82	11	24	35	13	39	1	3	0	0	4	0	120	9.2	14:33	19.2	46.5
9
Justin Fontaine	2014-2015	MIN	R	71	9	22	31	13	12	0	2	0	0	2	0	104	8.6	11:57	16.8	50.0
10
Jason Zucker	2014-2015	MIN	L	51	21	5	26	-9	18	1	1	1	1	3	0	124	16.9	15:03	20.1	28.6
11
Jared Spurgeon	2014-2015	MIN	D	66	9	16	25	3	6	3	6	0	0	2	0	128	7.0	22:37	28.7	0.0
12
Marco Scandella	2014-2015	MIN	D	64	11	12	23	8	56	1	5	0	1	4	2	112	9.8	21:43	29.1	0.0
13
Kyle Brodziak	2014-2015	MIN	C	73	9	11	20	-6	47	0	0	1	1	0	0	86	10.5	13:02	18.1	49.2
14
Jonas Brodin	2014-2015	MIN	D	71	3	14	17	21	8	0	2	0	1	1	0	95	3.2	24:10	30.4	0.0
15
Matt Dumba	2014-2015	MIN	D	58	8	8	16	13	23	2	6	0	0	2	1	86	9.3	15:00	19.5	0.0
16
Erik Haula	2014-2015	MIN	C	72	7	7	14	-7	32	1	1	0	1	1	0	92	7.6	12:09	17.6	45.4
17
Ryan Carter	2014-2015	MIN	C	53	3	10	13	3	55	0	0	1	1	0	0	47	6.4	10:05	14.8	41.4
18
Chris Stewart	2014-2015	BUF, MIN	R	20	3	8	11	4	25	0	0	0	0	0	0	39	7.7	15:30	19.4	0.0
19
Matt Cooke	2014-2015	MIN	L	29	4	6	10	0	13	0	0	0	0	0	0	24	16.7	12:36	18.4	33.3
20
Christian Folin	2014-2015	MIN	D	40	2	8	10	3	13	0	1	0	0	0	0	39	5.1	15:12	21.6	0.0
21
Jordan Schroeder	2014-2015	MIN	C	25	3	5	8	9	2	0	0	0	0	0	0	48	6.3	10:51	14.8	0.0
22
Nate Prosser	2014-2015	MIN	D	63	2	5	7	-1	32	0	0	0	0	1	0	38	5.3	12:47	18.6	0.0
23
Brett Sutter	2014-2015	MIN	L	6	0	3	3	1	4	0	0	0	0	0	0	6	0.0	09:18	14.5	0.0
24
Stephane Veilleux	2014-2015	MIN	L	12	1	1	2	0	10	0	0	0	0	1	0	9	11.1	07:41	12.0	0.0
25
Sean Bergenheim	2014-2015	FLA, MIN	L	17	1	0	1	-4	6	0	0	0	0	0	0	24	4.2	10:44	14.2	0.0
26
Keith Ballard	2014-2015	MIN	D	14	0	1	1	-3	26	0	0	0	0	0	0	5	0.0	12:03	19.6	0.0
27
Jordan Leopold	2014-2015	STL, CBJ, MIN	D	18	0	1	1	1	8	0	0	0	0	0	0	17	0.0	13:19	17.7	0.0
28
Jonathon Blum	2014-2015	MIN	D	4	0	1	1	-3	2	0	0	0	0	0	0	3	0.0	09:52	15.5	0.0
29
Stu Bickel	2014-2015	MIN	D	9	0	1	1	1	46	0	0	0	0	0	0	3	0.0	05:26	8.9	0.0
30
Tyler Graovac	2014-2015	MIN	C	3	0	0	0	0	0	0	0	0	0	0	0	4	0.0	09:13	13.0	27.3
31
Justin Falk	2014-2015	MIN, CBJ	D	13	0	0	0	-6	7	0	0	0	0	0	0	10	0.0	09:07	15.0	0.0