1
Max Pacioretty	2014-2015	MTL	L	80	37	30	67	38	32	7	11	3	5	10	2	302	12.3	19:23	25.9	22.2
2
P.K. Subban	2014-2015	MTL	D	82	15	45	60	21	74	8	21	0	0	5	1	170	8.8	26:12	30.1	0.0
3
Tomas Plekanec	2014-2015	MTL	C	82	26	34	60	8	46	7	16	3	4	5	0	248	10.5	19:09	27.0	49.9
4
Andrei Markov	2014-2015	MTL	D	81	10	40	50	22	38	4	25	0	1	1	0	135	7.4	24:54	29.6	0.0
5
David Desharnais	2014-2015	MTL	C	82	14	34	48	22	24	2	11	0	0	4	2	90	15.6	17:14	22.8	52.9
6
Brendan Gallagher	2014-2015	MTL	R	82	24	23	47	18	31	3	8	0	0	6	0	254	9.4	16:35	23.2	43.4
7
Alex Galchenyuk	2014-2015	MTL	C	80	20	26	46	8	39	3	12	0	0	1	0	163	12.3	16:25	22.9	47.1
8
Dale Weise	2014-2015	MTL	R	79	10	19	29	21	34	0	0	0	0	1	0	91	11.0	12:10	17.9	41.7
9
Lars Eller	2014-2015	MTL	C	77	15	12	27	-6	42	1	2	0	2	7	1	150	10.0	15:29	21.2	51.7
10
Pierre-Alexandre Parenteau	2014-2015	MTL	R	56	8	14	22	0	30	3	4	0	0	1	0	97	8.2	14:59	20.4	38.5
11
Brandon Prust	2014-2015	MTL	L	82	4	14	18	6	134	0	0	0	1	0	0	78	5.1	12:57	18.0	51.6
12
Jiri Sekac	2014-2015	MTL, ANA	L	50	7	9	16	-2	18	2	3	0	0	0	0	56	12.5	13:48	18.9	0.0
13
Alexei Emelin	2014-2015	MTL	D	68	3	11	14	5	59	0	0	0	0	0	0	43	7.0	19:49	25.7	0.0
14
Sergei Gonchar	2014-2015	DAL, MTL	D	45	1	12	13	7	16	0	4	0	0	0	0	45	2.2	17:59	22.8	100.0
15
Tom Gilbert	2014-2015	MTL	D	72	4	8	12	10	30	0	0	0	0	0	0	70	5.7	19:20	25.1	0.0
16
Nathan Beaulieu	2014-2015	MTL	D	64	1	8	9	6	45	0	2	0	0	0	0	62	1.6	15:41	19.8	0.0
17
Jeff Petry	2014-2015	EDM, MTL	D	19	3	4	7	-3	10	0	0	0	0	0	0	23	13.0	22:11	28.5	0.0
18
Jacob De La Rose	2014-2015	MTL	L	33	4	2	6	-5	12	0	0	1	1	0	0	38	10.5	13:47	19.8	40.0
19
Michael Bournival	2014-2015	MTL	L	29	3	2	5	3	4	0	0	0	0	1	0	27	11.1	07:53	11.6	80.0
20
Manny Malhotra	2014-2015	MTL	C	58	1	3	4	-6	12	0	0	0	0	1	0	46	2.2	10:51	18.8	59.3
21
Mike Weaver	2014-2015	MTL	D	31	0	4	4	0	6	0	0	0	0	0	0	8	0.0	14:09	19.0	0.0
22
Devante Smith-Pelly	2014-2015	ANA, MTL	R	20	1	2	3	-2	12	0	0	0	0	0	0	28	3.6	13:17	19.3	0.0
23
Sven Andrighetto	2014-2015	MTL	R	12	2	1	3	0	0	0	0	0	0	0	0	12	16.7	09:24	13.3	20.0
24
Rene Bourque	2014-2015	MTL, ANA, CBJ	R	13	0	2	2	-9	6	0	0	0	0	0	0	18	0.0	12:20	16.6	60.0
25
Jarred Tinordi	2014-2015	MTL	D	13	0	2	2	-5	19	0	0	0	0	0	0	5	0.0	12:04	16.2	0.0
26
Bryan Allen	2014-2015	ANA, MTL	D	5	0	1	1	-2	2	0	0	0	0	0	0	2	0.0	12:44	15.8	0.0
27
Christian Thomas	2014-2015	MTL	L	18	1	0	1	-2	7	0	0	0	0	0	0	26	3.8	09:05	13.2	0.0
28
Torrey Mitchell	2014-2015	BUF, MTL	C	14	0	1	1	-2	8	0	0	0	0	0	0	10	0.0	10:03	17.3	56.9
29
Eric Tangradi	2014-2015	MTL	L	7	0	0	0	-3	17	0	0	0	0	0	0	5	0.0	07:43	11.3	100.0
30
Greg Pateryn	2014-2015	MTL	D	17	0	0	0	0	6	0	0	0	0	0	0	10	0.0	12:39	17.7	0.0
31
Travis Moen	2014-2015	MTL, DAL	L	10	0	0	0	0	4	0	0	0	0	0	0	9	0.0	10:29	15.7	0.0
32
Gabriel Dumont	2014-2015	MTL	C	3	0	0	0	-1	0	0	0	0	0	0	0	4	0.0	09:07	13.0	84.6
33
Drayson Bowman	2014-2015	MTL	L	3	0	0	0	0	0	0	0	0	0	0	0	0	0.0	06:30	10.7	0.0
34
Brian Flynn	2014-2015	BUF, MTL	C	9	0	0	0	-2	0	0	0	0	0	0	0	9	0.0	09:04	14.1	51.7