1
Adam Henrique	2014-2015	NJD	L	75	16	27	43	-6	34	5	16	0	1	3	0	127	12.6	17:44	23.8	52.0
2
Mike Cammalleri	2014-2015	NJD	L	68	27	15	42	2	28	9	11	2	2	8	0	156	17.3	18:19	23.9	42.2
3
Scott Gomez	2014-2015	NJD	C	58	7	27	34	-10	23	0	14	0	0	1	0	70	10.0	16:30	21.3	46.6
4
Patrik Elias	2014-2015	NJD	C	69	13	21	34	-20	12	5	9	0	2	1	0	114	11.4	17:38	23.7	39.1
5
Steve Bernier	2014-2015	NJD	R	67	16	16	32	2	28	4	8	0	0	2	0	107	15.0	12:56	18.5	50.0
6
Jaromir Jagr	2014-2015	NJD, FLA	R	57	11	18	29	-10	42	2	7	0	0	3	1	119	9.2	17:40	22.0	0.0
7
Travis Zajac	2014-2015	NJD	C	74	11	14	25	-3	29	4	7	2	2	0	0	112	9.8	19:03	25.0	53.4
8
Adam Larsson	2014-2015	NJD	D	64	3	21	24	2	34	0	0	0	3	1	0	91	3.3	20:57	25.7	0.0
9
Marek Zidlicky	2014-2015	NJD, DET	D	63	4	19	23	-7	42	3	12	0	0	0	0	103	3.9	21:55	27.3	0.0
10
Andy Greene	2014-2015	NJD	D	82	3	19	22	1	20	0	1	0	1	1	0	83	3.6	23:32	28.1	0.0
11
Michael Ryder	2014-2015	NJD	R	47	6	13	19	-1	30	0	2	0	0	0	0	89	6.7	14:28	19.2	33.3
12
Eric Gelinas	2014-2015	NJD	D	61	6	13	19	-2	42	3	9	0	0	2	0	112	5.4	16:27	20.9	0.0
13
Damon Severson	2014-2015	NJD	D	51	5	12	17	-13	22	0	7	0	0	0	0	93	5.4	21:57	28.2	0.0
14
Jordin Tootoo	2014-2015	NJD	R	68	10	5	15	1	72	1	1	0	0	1	0	75	13.3	10:27	14.4	100.0
15
Martin Havlat	2014-2015	NJD	L	40	5	9	14	-11	10	3	6	0	0	1	0	49	10.2	14:48	19.6	0.0
16
Jon Merrill	2014-2015	NJD	D	66	2	12	14	-14	24	2	4	0	1	0	0	47	4.3	20:33	25.8	0.0
17
Stephen Gionta	2014-2015	NJD	C	61	5	8	13	4	12	0	0	0	2	1	0	84	5.9	13:11	19.2	40.4
18
Tuomo Ruutu	2014-2015	NJD	L	77	7	6	13	-3	28	0	0	0	0	0	0	74	9.5	10:51	15.4	44.4
19
Jacob Josefson	2014-2015	NJD	C	62	6	5	11	0	24	0	2	3	3	1	0	61	9.8	12:25	18.0	49.3
20
Dainius Zubrus	2014-2015	NJD	L	74	4	6	10	-9	42	0	1	0	1	1	0	72	5.6	14:39	20.3	43.0
21
Damien Brunner	2014-2015	NJD	R	17	2	5	7	-1	8	0	4	0	0	0	0	29	6.9	15:08	18.4	50.0
22
Peter Harrold	2014-2015	NJD	D	43	3	2	5	-10	4	0	0	0	0	0	0	31	9.7	15:14	20.5	0.0
23
Ryane Clowe	2014-2015	NJD	L	13	1	3	4	-1	4	0	0	0	0	0	0	15	6.7	15:40	18.4	0.0
24
Mark Fraser	2014-2015	NJD	D	34	0	4	4	2	55	0	0	0	1	0	0	19	0.0	16:16	20.7	0.0
25
Seth Helgeson	2014-2015	NJD	D	22	0	2	2	4	18	0	0	0	0	0	0	11	0.0	13:27	19.8	0.0
26
Bryce Salvador	2014-2015	NJD	D	15	0	2	2	-5	20	0	0	0	0	0	0	13	0.0	18:30	24.1	0.0
27
Tim Sestito	2014-2015	NJD	L	15	0	2	2	-1	33	0	0	0	0	0	0	10	0.0	09:53	15.1	45.3
28
Stefan Matteau	2014-2015	NJD	L	7	1	0	1	0	4	0	0	0	0	0	0	8	12.5	11:52	16.1	0.0
29
Joe Whitney	2014-2015	NJD	R	4	1	0	1	-1	0	0	0	0	0	0	0	1	100.0	06:52	10.5	0.0
30
Mike Sislo	2014-2015	NJD	R	10	0	1	1	-2	2	0	0	0	0	0	0	13	0.0	12:12	17.9	0.0
31
Reid Boucher	2014-2015	NJD	L	11	1	0	1	-4	0	0	0	0	0	0	0	20	5.0	11:08	15.5	0.0
32
Raman Hrabarenka	2014-2015	NJD	D	1	0	0	0	1	0	0	0	0	0	0	0	0	0.0	11:55	16.0	0.0