1
Filip Forsberg	2014-2015	NSH	L	82	26	37	63	15	24	6	19	0	0	6	2	237	11.0	17:19	21.8	42.9
2
Mike Ribeiro	2014-2015	NSH	C	82	15	47	62	11	52	1	12	0	0	3	0	96	15.6	18:44	22.0	43.2
3
Roman Josi	2014-2015	NSH	D	81	15	40	55	15	26	3	15	0	3	4	1	201	7.5	26:28	30.2	0.0
4
Shea Weber	2014-2015	NSH	D	78	15	30	45	15	72	5	15	1	1	2	1	237	6.3	26:22	30.5	0.0
5
Craig Smith	2014-2015	NSH	R	82	23	21	44	11	44	6	9	0	0	4	1	252	9.1	15:44	21.0	40.0
6
Colin Wilson	2014-2015	NSH	L	77	20	22	42	19	22	3	7	0	0	5	0	172	11.6	16:12	20.5	39.9
7
Mike Fisher	2014-2015	NSH	C	59	19	20	39	4	39	7	10	1	1	1	0	111	17.1	18:26	24.5	52.3
8
James Neal	2014-2015	NSH	R	67	23	14	37	12	57	3	4	0	0	6	2	221	10.4	18:05	22.0	41.2
9
Ryan Ellis	2014-2015	NSH	D	58	9	18	27	8	27	2	6	0	0	0	0	118	7.6	18:58	24.2	0.0
10
Seth Jones	2014-2015	NSH	D	82	8	19	27	3	20	2	11	1	1	0	0	123	6.5	19:52	24.5	0.0
11
Matt Cullen	2014-2015	NSH	C	62	7	18	25	8	16	0	4	0	0	1	0	90	7.8	13:00	18.8	54.0
12
Mattias Ekholm	2014-2015	NSH	D	80	7	11	18	12	52	1	2	0	0	1	1	86	8.1	19:00	24.8	0.0
13
Calle Jarnkrok	2014-2015	NSH	C	74	7	11	18	2	18	0	0	0	1	1	0	95	7.4	12:50	19.3	46.2
14
Taylor Beck	2014-2015	NSH	L	62	8	8	16	-4	18	2	2	0	0	3	0	78	10.3	11:55	17.5	50.0
15
Paul Gaustad	2014-2015	NSH	C	73	4	10	14	7	60	0	0	0	0	1	0	54	7.4	12:26	18.9	56.4
16
Gabriel Bourque	2014-2015	NSH	R	69	3	10	13	-13	10	0	0	0	0	0	0	76	3.9	12:00	17.4	50.0
17
Eric Nystrom	2014-2015	NSH	L	60	7	5	12	0	15	0	0	1	1	1	0	60	11.7	13:11	18.6	33.3
18
Viktor Stalberg	2014-2015	NSH	L	25	2	8	10	0	18	0	0	0	0	1	0	27	7.4	11:53	16.8	100.0
19
Victor Bartley	2014-2015	NSH	D	37	0	10	10	1	26	0	0	0	0	0	0	28	0.0	13:26	17.2	0.0
20
Derek Roy	2014-2015	NSH, EDM	C	26	1	9	10	0	2	0	2	0	0	0	0	35	2.9	13:30	19.0	47.9
21
Anton Volchenkov	2014-2015	NSH	D	46	0	7	7	4	14	0	0	0	0	0	0	35	0.0	13:10	18.7	0.0
22
Olli Jokinen	2014-2015	NSH, TOR, STL	C	48	3	3	6	2	26	0	0	0	0	0	0	83	3.6	13:30	19.5	39.6
23
Mike Santorelli	2014-2015	TOR, NSH	C	22	1	3	4	-7	6	0	0	0	0	1	0	43	2.3	12:54	17.2	45.0
24
Cody Franson	2014-2015	TOR, NSH	D	23	1	3	4	0	2	1	2	0	0	0	0	35	2.9	15:25	20.7	0.0
25
Miikka Salomaki	2014-2015	NSH	R	1	1	0	1	1	0	0	0	0	0	0	0	4	25.0	10:49	15.0	0.0
26
Mark Arcobello	2014-2015	EDM, NSH, PIT, ARI	R	4	1	0	1	0	0	0	0	0	0	0	0	3	33.3	10:35	16.3	66.7
27
Kevin Fiala	2014-2015	NSH	L	1	0	0	0	-1	0	0	0	0	0	0	0	3	0.0	11:25	15.0	0.0
28
Anthony Bitetto	2014-2015	NSH	D	7	0	0	0	-1	7	0	0	0	0	0	0	2	0.0	11:46	15.1	100.0
29
Rich Clune	2014-2015	NSH	L	1	0	0	0	0	0	0	0	0	0	0	0	0	0.0	05:30	5.0	0.0
30
Joe Piskula	2014-2015	NSH	D	1	0	0	0	-1	2	0	0	0	0	0	0	0	0.0	16:27	19.0	0.0
31
Viktor Arvidsson	2014-2015	NSH	L	6	0	0	0	0	0	0	0	0	0	0	0	9	0.0	10:15	14.0	0.0