1
John Tavares	2014-2015	NYI	C	82	38	48	86	5	46	13	31	0	1	8	4	278	13.7	20:40	22.6	52.2
2
Kyle Okposo	2014-2015	NYI	R	60	18	33	51	-8	12	6	18	0	0	2	0	195	9.2	19:33	22.2	49.7
3
Ryan Strome	2014-2015	NYI	C	81	17	33	50	23	47	1	8	1	1	2	0	179	9.5	15:23	20.1	46.7
4
Frans Nielsen	2014-2015	NYI	C	78	14	29	43	8	12	4	18	1	3	4	0	157	8.9	16:34	23.6	48.2
5
Brock Nelson	2014-2015	NYI	C	82	20	22	42	6	24	10	15	0	0	3	0	190	10.5	15:52	20.9	44.3
6
Anders Lee	2014-2015	NYI	C	76	25	16	41	9	33	5	6	0	0	6	0	197	12.7	14:23	18.8	100.0
7
Josh Bailey	2014-2015	NYI	L	70	15	26	41	3	12	2	4	0	0	1	0	140	10.7	16:46	21.1	45.5
8
Nick Leddy	2014-2015	NYI	D	78	10	27	37	18	14	1	12	0	1	1	0	120	8.3	20:21	23.5	0.0
9
Johnny Boychuk	2014-2015	NYI	D	72	9	26	35	15	14	5	15	0	1	1	1	192	4.7	21:40	25.3	100.0
10
Travis Hamonic	2014-2015	NYI	D	71	5	28	33	15	85	1	8	0	0	0	0	132	3.8	21:47	25.2	0.0
11
Nikolay Kulemin	2014-2015	NYI	L	82	15	16	31	7	21	0	0	3	4	0	0	115	13.0	14:52	20.6	29.2
12
Thomas Hickey	2014-2015	NYI	D	81	2	20	22	-12	26	0	0	0	2	1	1	82	2.4	18:55	23.4	50.0
13
Lubomir Visnovsky	2014-2015	NYI	D	53	5	15	20	-3	8	2	5	0	0	1	0	85	5.9	19:31	22.2	0.0
14
Mikhail Grabovski	2014-2015	NYI	C	51	9	10	19	3	8	0	1	0	0	2	0	81	11.1	14:16	18.4	45.8
15
Casey Cizikas	2014-2015	NYI	C	70	9	9	18	-2	24	0	1	2	2	2	0	90	10.0	12:31	19.2	52.2
16
Cal Clutterbuck	2014-2015	NYI	R	76	7	9	16	1	60	0	1	2	3	4	0	124	5.6	12:43	19.9	66.7
17
Matt Martin	2014-2015	NYI	L	78	8	6	14	-4	114	0	0	0	0	2	0	90	8.9	11:16	16.1	50.0
18
Michael Grabner	2014-2015	NYI	R	34	8	5	13	4	4	0	0	0	0	0	0	63	12.7	12:56	19.9	0.0
19
Calvin de Haan	2014-2015	NYI	D	65	1	11	12	3	24	0	1	1	1	0	0	92	1.1	19:00	23.8	0.0
20
Colin McDonald	2014-2015	NYI	R	18	2	6	8	-3	0	0	0	0	0	0	0	29	6.9	10:30	16.2	50.0
21
Brian Strait	2014-2015	NYI	D	52	2	5	7	-1	32	0	0	0	1	0	0	59	3.4	18:22	22.3	0.0
22
Tyler Kennedy	2014-2015	SJS, NYI	C	13	2	3	5	-3	2	0	0	0	0	0	0	31	6.5	11:23	16.3	50.0
23
Cory Conacher	2014-2015	NYI	C	15	1	2	3	-3	14	0	0	0	0	0	0	23	4.3	13:28	17.4	33.3
24
Matt Donovan	2014-2015	NYI	D	12	0	3	3	4	0	0	0	0	0	0	0	12	0.0	17:34	20.9	0.0
25
Kael Mouillierat	2014-2015	NYI	L	6	1	1	2	-3	8	0	0	0	0	0	0	1	100.0	08:40	13.7	47.1
26
Eric Boulton	2014-2015	NYI	L	10	2	0	2	-1	30	0	0	0	0	0	0	9	22.2	07:11	11.8	0.0
27
Griffin Reinhart	2014-2015	NYI	D	8	0	1	1	1	6	0	0	0	0	0	0	4	0.0	14:10	19.3	0.0
28
Harry Zolnierczyk	2014-2015	NYI	L	2	0	0	0	-1	0	0	0	0	0	0	0	1	0.0	11:07	15.5	0.0