1
Rick Nash	2014-2015	NYR	L	79	42	27	69	29	36	6	12	4	5	8	0	304	13.8	17:27	25.4	50.0
2
Derick Brassard	2014-2015	NYR	C	80	19	41	60	9	34	6	18	0	0	3	2	168	11.3	17:23	23.5	48.8
3
Derek Stepan	2014-2015	NYR	C	68	16	39	55	26	22	3	10	2	5	3	1	155	10.3	18:10	24.9	44.1
4
Martin St. Louis	2014-2015	NYR	R	74	21	31	52	12	20	5	13	0	0	1	0	144	14.6	17:33	22.9	46.4
5
Mats Zuccarello	2014-2015	NYR	R	78	15	34	49	17	45	0	6	0	0	3	0	154	9.7	17:15	23.4	43.2
6
Chris Kreider	2014-2015	NYR	L	80	21	25	46	24	88	7	8	0	0	5	0	180	11.7	15:42	21.9	42.9
7
Kevin Hayes	2014-2015	NYR	R	79	17	28	45	15	22	1	5	1	1	1	0	111	15.3	13:02	18.8	36.3
8
Carl Hagelin	2014-2015	NYR	L	82	17	18	35	18	46	1	1	0	1	4	1	185	9.2	15:13	21.9	35.3
9
Ryan McDonagh	2014-2015	NYR	D	71	8	25	33	23	26	3	12	0	3	2	0	148	5.4	23:07	30.1	0.0
10
Dominic Moore	2014-2015	NYR	C	82	10	17	27	5	28	0	1	2	2	3	0	116	8.6	13:48	20.5	54.5
11
Kevin Klein	2014-2015	NYR	D	65	9	17	26	24	25	0	0	0	0	4	2	76	11.8	18:29	26.4	0.0
12
J.T. Miller	2014-2015	NYR	C	58	10	13	23	5	23	2	3	0	0	3	0	92	10.9	12:41	18.0	45.4
13
Marc Staal	2014-2015	NYR	D	80	5	15	20	18	42	0	0	0	2	0	0	97	5.1	21:08	28.5	50.0
14
Dan Girardi	2014-2015	NYR	D	82	4	16	20	12	22	1	3	0	1	1	0	111	3.6	22:41	30.1	0.0
15
Dan Boyle	2014-2015	NYR	D	65	9	11	20	18	20	3	8	0	0	3	0	116	7.8	20:14	26.1	0.0
16
Lee Stempniak	2014-2015	NYR, WPG	R	53	9	9	18	7	18	0	0	0	0	1	0	86	10.5	12:26	18.2	44.0
17
Jesper Fast	2014-2015	NYR	R	58	6	8	14	-1	8	0	1	0	0	0	0	52	11.5	11:48	17.8	20.0
18
Keith Yandle	2014-2015	ARI, NYR	D	21	2	9	11	6	8	0	3	0	0	2	0	47	4.3	19:55	24.2	0.0
19
Matt Hunwick	2014-2015	NYR	D	55	2	9	11	17	16	0	2	0	0	1	0	72	2.8	15:48	22.1	0.0
20
Anthony Duclair	2014-2015	NYR	L	18	1	6	7	4	4	0	1	0	0	0	0	18	5.6	12:09	17.3	0.0
21
Tanner Glass	2014-2015	NYR	L	66	1	5	6	-12	98	0	0	0	0	0	0	53	1.9	10:14	15.9	33.3
22
John Moore	2014-2015	NYR, ARI	D	38	1	5	6	7	19	0	0	0	0	0	0	56	1.8	15:06	21.4	0.0
23
Chris Mueller	2014-2015	NYR	C	7	1	1	2	-1	0	1	1	0	0	0	0	10	10.0	10:27	17.0	59.4
24
James Sheppard	2014-2015	SJS, NYR	C	14	2	0	2	-1	9	0	0	0	0	1	0	11	18.2	11:21	15.4	52.4
25
Michael Kostka	2014-2015	NYR	D	7	0	1	1	1	0	0	0	0	0	0	0	7	0.0	15:23	22.0	0.0
26
Ryan Bourque	2014-2015	NYR	C	1	0	0	0	-1	0	0	0	0	0	0	0	1	0.0	11:49	18.0	0.0
27
Ryan Malone	2014-2015	NYR	L	6	0	0	0	-4	4	0	0	0	0	0	0	6	0.0	10:01	14.0	100.0
28
Conor Allen	2014-2015	NYR	D	4	0	0	0	-1	4	0	0	0	0	0	0	2	0.0	12:12	18.5	0.0
29
Chris Summers	2014-2015	ARI, NYR	D	3	0	0	0	0	0	0	0	0	0	0	0	2	0.0	17:15	21.0	0.0
30
Dylan McIlrath	2014-2015	NYR	D	1	0	0	0	0	9	0	0	0	0	0	0	0	0.0	08:02	16.0	0.0
31
Oscar Lindberg	2014-2015	NYR	C	1	0	0	0	0	0	0	0	0	0	0	0	2	0.0	08:18	16.0	40.0