1
Erik Karlsson	2014-2015	OTT	D	82	21	45	66	7	42	6	30	0	0	3	1	292	7.2	27:15	26.7	0.0
2
Mark Stone	2014-2015	OTT	R	80	26	38	64	21	14	5	13	1	1	6	2	157	16.6	17:01	22.5	38.9
3
Kyle Turris	2014-2015	OTT	C	82	24	40	64	5	36	4	16	1	1	6	1	215	11.2	19:12	23.8	50.1
4
Bobby Ryan	2014-2015	OTT	R	78	18	36	54	5	24	4	14	0	0	5	1	221	8.1	17:28	22.5	36.4
5
Mike Hoffman	2014-2015	OTT	L	79	27	21	48	16	14	1	3	0	0	4	1	199	13.6	14:33	19.3	50.0
6
Mika Zibanejad	2014-2015	OTT	C	80	20	26	46	0	20	4	14	0	0	0	0	150	13.3	16:26	22.5	48.8
7
Clarke MacArthur	2014-2015	OTT	L	62	16	20	36	-6	36	6	10	0	0	5	0	140	11.4	17:00	22.3	36.4
8
Milan Michalek	2014-2015	OTT	L	66	13	21	34	3	33	5	10	1	1	1	0	130	10.0	16:22	22.5	47.8
9
David Legwand	2014-2015	OTT	C	80	9	18	27	1	32	6	12	0	2	0	0	91	9.9	13:53	19.8	46.6
10
Alex Chiasson	2014-2015	OTT	R	76	11	15	26	-5	67	3	6	0	1	1	0	105	10.5	13:22	19.5	14.3
11
Erik Condra	2014-2015	OTT	R	68	9	14	23	13	30	0	0	1	2	1	0	106	8.5	14:27	20.1	22.2
12
Cody Ceci	2014-2015	OTT	D	81	5	16	21	-4	6	1	4	0	0	0	0	130	3.8	19:17	24.0	0.0
13
Jean-Gabriel Pageau	2014-2015	OTT	C	50	10	9	19	4	9	0	0	2	2	2	0	97	10.3	14:11	20.4	49.2
14
Curtis Lazar	2014-2015	OTT	R	67	6	9	15	1	14	0	0	0	0	0	0	92	6.5	12:53	18.3	47.3
15
Patrick Wiercioch	2014-2015	OTT	D	56	3	10	13	3	28	1	5	0	0	2	1	79	3.8	18:03	22.5	0.0
16
Eric Gryba	2014-2015	OTT	D	75	0	12	12	11	97	0	0	0	0	0	0	64	0.0	15:39	21.4	0.0
17
Mark Borowiecki	2014-2015	OTT	D	63	1	10	11	15	107	0	0	0	0	0	0	30	3.3	15:54	22.0	0.0
18
Marc Methot	2014-2015	OTT	D	45	1	10	11	22	18	0	0	0	0	0	0	49	2.0	22:40	26.3	0.0
19
Jared Cowen	2014-2015	OTT	D	54	3	6	9	-11	45	0	0	0	0	1	0	47	6.4	18:09	23.2	0.0
20
Chris Neil	2014-2015	OTT	R	38	4	3	7	5	78	1	1	0	0	0	0	23	17.4	09:44	15.1	60.0
21
Zack Smith	2014-2015	OTT	C	37	2	1	3	-8	18	0	0	0	0	0	0	38	5.3	12:02	18.2	44.6
22
Matt Puempel	2014-2015	OTT	L	13	2	1	3	6	8	0	0	0	0	0	0	14	14.3	08:01	12.5	0.0
23
Chris Phillips	2014-2015	OTT	D	36	0	3	3	0	12	0	1	0	0	0	0	29	0.0	20:53	26.7	0.0
24
Shane Prince	2014-2015	OTT	L	2	0	1	1	1	0	0	0	0	0	0	0	2	0.0	10:28	14.5	0.0
25
Colin Greening	2014-2015	OTT	L	26	1	0	1	-5	29	0	0	0	0	0	0	39	2.6	09:49	14.1	66.7