1
Sidney Crosby	2014-2015	PIT	C	77	28	56	84	5	47	10	31	0	0	3	1	237	11.8	19:58	25.0	49.9
2
Evgeni Malkin	2014-2015	PIT	C	69	28	42	70	-2	60	9	26	0	0	4	1	212	13.2	18:58	22.9	42.6
3
Kris Letang	2014-2015	PIT	D	69	11	43	54	12	79	2	24	1	1	1	0	197	5.6	25:29	28.2	0.0
4
Patric Hornqvist	2014-2015	PIT	R	64	25	26	51	12	38	6	15	0	0	4	1	220	11.4	17:39	23.2	28.6
5
Chris Kunitz	2014-2015	PIT	L	74	17	23	40	2	56	9	16	1	1	5	0	170	10.0	17:53	23.3	53.8
6
Brandon Sutter	2014-2015	PIT	C	80	21	12	33	6	14	3	5	4	4	4	0	180	11.7	17:19	24.2	50.6
7
Blake Comeau	2014-2015	PIT	L	61	16	15	31	6	65	0	1	0	0	5	2	147	10.9	15:17	21.4	77.8
8
Steve Downie	2014-2015	PIT	R	72	14	14	28	2	238	3	5	0	0	2	0	104	13.5	12:26	17.7	50.0
9
Nick Spaling	2014-2015	PIT	C	82	9	18	27	-2	26	1	1	0	0	0	0	90	10.0	15:14	22.0	48.3
10
David Perron	2014-2015	EDM, PIT	L	43	12	10	22	-8	42	3	5	0	0	1	0	122	9.8	17:37	23.3	0.0
11
Paul Martin	2014-2015	PIT	D	74	3	17	20	17	20	0	1	0	0	0	0	61	4.9	22:47	28.5	0.0
12
Simon Despres	2014-2015	PIT, ANA	D	59	2	15	17	9	64	0	1	0	0	1	1	76	2.6	16:22	22.3	0.0
13
Christian Ehrhoff	2014-2015	PIT	D	49	3	11	14	8	26	0	2	0	0	3	0	110	2.7	21:45	26.1	0.0
14
Beau Bennett	2014-2015	PIT	R	49	4	8	12	-1	16	0	0	0	0	1	0	81	4.9	12:29	17.6	0.0
15
Pascal Dupuis	2014-2015	PIT	R	16	6	5	11	2	4	2	3	0	1	1	0	44	13.6	16:38	23.4	100.0
16
Rob Scuderi	2014-2015	PIT	D	82	1	9	10	9	17	0	0	0	1	0	0	52	1.9	19:08	24.6	0.0
17
Olli Maatta	2014-2015	PIT	D	20	1	8	9	1	10	0	2	0	0	0	0	27	3.7	20:42	25.8	0.0
18
Daniel Winnik	2014-2015	TOR, PIT	C	21	2	7	9	8	8	0	0	0	1	1	0	27	7.4	16:06	22.9	40.5
19
Ian Cole	2014-2015	STL, PIT	D	20	1	7	8	-2	7	0	1	0	0	0	0	31	3.2	18:29	24.6	0.0
20
Derrick Pouliot	2014-2015	PIT	D	34	2	5	7	-11	4	1	4	0	0	2	0	56	3.6	17:32	22.4	0.0
21
Craig Adams	2014-2015	PIT	R	70	1	6	7	-1	44	0	0	0	1	1	0	51	2.0	09:44	14.2	42.5
22
Marcel Goc	2014-2015	PIT, STL	C	43	2	4	6	-2	4	0	0	0	1	0	0	43	4.7	12:26	18.4	54.0
23
Robert Bortuzzo	2014-2015	PIT, STL	D	38	2	4	6	-6	68	0	0	0	0	0	0	37	5.4	15:27	21.6	100.0
24
Andrew Ebbett	2014-2015	PIT	C	24	1	5	6	1	2	0	0	0	0	0	0	21	4.8	09:00	13.5	45.3
25
Zach Sill	2014-2015	PIT, TOR	C	42	1	2	3	-3	60	0	0	0	0	0	0	26	3.8	08:17	11.9	0.0
26
Rob Klinkhammer	2014-2015	ARI, PIT, EDM	L	10	1	2	3	0	0	0	0	0	0	0	0	10	10.0	11:07	15.7	100.0
27
Ben Lovejoy	2014-2015	ANA, PIT	D	20	1	2	3	-7	8	0	0	0	1	0	0	36	2.8	21:13	27.8	0.0
28
Mark Arcobello	2014-2015	EDM, NSH, PIT, ARI	R	10	0	2	2	1	2	0	0	0	0	0	0	13	0.0	12:05	18.0	28.6
29
Maxim Lapierre	2014-2015	STL, PIT	C	35	0	2	2	-13	16	0	0	0	0	0	0	43	0.0	11:10	16.6	50.6
30
Bryan Rust	2014-2015	PIT	R	14	1	1	2	-3	4	0	0	0	0	0	0	34	2.9	12:01	17.5	0.0
31
Jayson Megna	2014-2015	PIT	C	12	0	1	1	-2	14	0	0	0	0	0	0	13	0.0	11:02	16.4	0.0
32
Brian Dumoulin	2014-2015	PIT	D	8	1	0	1	0	2	0	0	0	0	0	0	4	25.0	15:40	22.3	0.0
33
Scott Wilson	2014-2015	PIT	L	1	0	0	0	0	0	0	0	0	0	0	0	0	0.0	04:21	7.0	0.0
34
Dominik Uher	2014-2015	PIT	C	2	0	0	0	-1	0	0	0	0	0	0	0	0	0.0	06:27	9.5	0.0
35
Taylor Chorney	2014-2015	PIT	D	7	0	0	0	-1	0	0	0	0	0	0	0	4	0.0	12:10	18.6	0.0
36
Bobby Farnham	2014-2015	PIT	R	11	0	0	0	0	24	0	0	0	0	0	0	6	0.0	07:10	11.0	0.0
37
Scott Harrington	2014-2015	PIT	D	10	0	0	0	-10	4	0	0	0	0	0	0	9	0.0	15:48	22.2	0.0