1
Joe Pavelski	2014-2015	SJS	C	82	37	33	70	12	29	19	31	0	0	5	0	261	14.2	20:07	26.9	56.0
2
Logan Couture	2014-2015	SJS	C	82	27	40	67	-6	12	6	24	2	2	4	0	263	10.3	19:04	25.9	48.2
3
Joe Thornton	2014-2015	SJS	C	78	16	49	65	-4	30	4	22	0	0	0	0	131	12.2	18:25	25.2	58.0
4
Brent Burns	2014-2015	SJS	D	82	17	43	60	-9	65	7	24	0	0	2	1	245	6.9	23:57	28.7	0.0
5
Patrick Marleau	2014-2015	SJS	L	82	19	38	57	-17	12	7	24	0	0	4	0	233	8.2	19:35	25.9	48.0
6
Tommy Wingels	2014-2015	SJS	C	75	15	21	36	-7	40	4	10	1	1	1	0	158	9.5	16:28	24.0	45.5
7
Tomas Hertl	2014-2015	SJS	C	82	13	18	31	-5	16	3	6	0	0	4	0	145	9.0	14:33	20.7	45.8
8
Matt Nieto	2014-2015	SJS	L	72	10	17	27	-12	20	1	4	0	1	1	0	135	7.4	15:15	22.4	0.0
9
Melker Karlsson	2014-2015	SJS	C	53	13	11	24	-3	20	1	1	0	0	2	0	100	13.0	15:26	22.7	39.4
10
Justin Braun	2014-2015	SJS	D	70	1	22	23	8	48	0	2	0	0	0	0	94	1.1	21:01	27.4	0.0
11
Marc-Edouard Vlasic	2014-2015	SJS	D	70	9	14	23	12	23	0	3	0	0	3	1	98	9.2	22:06	27.7	0.0
12
Chris Tierney	2014-2015	SJS	C	43	6	15	21	3	6	1	4	0	0	1	0	48	12.5	12:14	17.8	43.9
13
Matt Irwin	2014-2015	SJS	D	53	8	11	19	3	18	1	3	0	0	1	0	93	8.6	17:01	23.2	0.0
14
James Sheppard	2014-2015	SJS, NYR	C	57	5	11	16	-3	28	0	1	0	0	0	0	68	7.4	13:43	19.4	50.0
15
Barclay Goodrow	2014-2015	SJS	R	60	4	8	12	-1	35	0	0	0	1	2	0	68	5.9	11:04	16.6	52.2
16
Tyler Kennedy	2014-2015	SJS, NYI	C	25	4	5	9	1	8	0	0	0	0	2	0	48	8.3	11:03	16.1	44.4
17
Brenden Dillon	2014-2015	DAL, SJS	D	60	2	7	9	-11	54	0	0	1	2	1	0	75	2.7	19:13	25.1	0.0
18
Matt Tennyson	2014-2015	SJS	D	27	2	6	8	0	16	1	2	0	1	0	0	37	5.4	17:34	25.0	0.0
19
Andrew Desjardins	2014-2015	SJS, CHI	L	56	5	3	8	-2	50	0	0	0	0	1	0	43	11.6	10:26	15.7	49.8
20
Scott Hannan	2014-2015	SJS	D	58	2	5	7	0	26	0	0	0	0	0	0	53	3.8	16:18	23.0	0.0
21
Ben Smith	2014-2015	CHI, SJS	R	19	2	3	5	3	0	0	0	0	0	1	0	15	13.3	11:20	17.2	55.6
22
Tye McGinn	2014-2015	SJS, ARI	L	33	1	4	5	1	11	0	0	0	0	0	0	35	2.9	10:20	14.8	100.0
23
Mirco Mueller	2014-2015	SJS	D	39	1	3	4	-8	10	0	0	0	0	0	0	31	3.2	16:57	24.5	0.0
24
Taylor Fedun	2014-2015	SJS	D	7	0	4	4	0	4	0	2	0	0	0	0	12	0.0	16:59	24.6	0.0
25
John Scott	2014-2015	SJS	L	38	3	1	4	0	87	0	0	0	0	0	0	19	15.8	07:27	11.8	0.0
26
Jason Demers	2014-2015	SJS, DAL	D	20	0	3	3	-6	8	0	0	0	0	0	0	20	0.0	18:11	24.8	0.0
27
Adam Burish	2014-2015	SJS	R	20	1	2	3	-6	33	0	0	0	0	0	0	22	4.5	11:08	18.8	53.3
28
Daniil Tarasov	2014-2015	SJS	R	5	0	1	1	2	0	0	0	0	0	0	0	5	0.0	07:34	14.4	100.0
29
Bryan Lerg	2014-2015	SJS	C	2	1	0	1	-1	0	0	0	0	0	1	0	8	12.5	12:36	18.0	100.0
30
Micheal Haley	2014-2015	SJS	C	4	0	0	0	-1	11	0	0	0	0	0	0	1	0.0	07:30	12.0	100.0
31
Eriah Hayes	2014-2015	SJS	R	4	0	0	0	-2	2	0	0	0	0	0	0	10	0.0	09:58	15.8	100.0
32
Mike Brown	2014-2015	SJS	R	12	0	0	0	0	22	0	0	0	0	0	0	11	0.0	08:12	13.2	57.1
33
Karl Stollery	2014-2015	COL, SJS	D	5	0	0	0	-4	4	0	0	0	0	0	0	6	0.0	18:02	25.2	0.0
34
Freddie Hamilton	2014-2015	SJS, COL	C	1	0	0	0	-1	0	0	0	0	0	0	0	0	0.0	08:27	14.0	50.0