1
Vladimir Tarasenko	2014-2015	STL	R	77	37	36	73	27	31	8	18	0	0	6	2	264	14.0	17:37	24.6	0.0
2
Alexander Steen	2014-2015	STL	L	74	24	40	64	8	33	8	24	0	0	5	1	223	10.8	19:58	28.1	50.3
3
Jaden Schwartz	2014-2015	STL	L	75	28	35	63	13	16	8	16	0	2	4	1	184	15.2	18:14	25.5	46.6
4
David Backes	2014-2015	STL	C	80	26	32	58	7	104	10	16	0	0	3	0	183	14.2	18:38	27.6	54.6
5
T.J. Oshie	2014-2015	STL	R	72	19	36	55	17	51	3	13	0	0	4	1	162	11.7	18:50	27.2	23.1
6
Alex Pietrangelo	2014-2015	STL	D	81	7	39	46	-2	28	1	12	0	0	2	0	195	3.6	25:24	31.7	0.0
7
Paul Stastny	2014-2015	STL	C	74	16	30	46	5	40	7	15	0	0	7	0	143	11.2	17:37	24.4	57.9
8
Kevin Shattenkirk	2014-2015	STL	D	56	8	36	44	19	52	4	25	0	0	1	0	135	5.9	22:33	28.9	0.0
9
Jori Lehtera	2014-2015	STL	C	75	14	30	44	21	48	2	7	1	2	2	0	103	13.6	16:12	23.9	51.2
10
Patrik Berglund	2014-2015	STL	C	77	12	15	27	-2	26	0	1	0	0	0	0	145	8.3	14:34	21.8	48.6
11
Dmitrij Jaskin	2014-2015	STL	R	54	13	5	18	7	16	3	3	0	0	4	0	108	12.0	13:28	18.9	42.9
12
Barret Jackman	2014-2015	STL	D	80	2	13	15	3	47	0	0	0	1	1	0	86	2.3	16:48	23.0	0.0
13
Jay Bouwmeester	2014-2015	STL	D	72	2	11	13	7	24	0	4	0	0	0	0	92	2.2	22:39	30.6	0.0
14
Ryan Reaves	2014-2015	STL	R	81	6	6	12	-3	116	0	0	0	0	1	0	55	10.9	08:31	13.0	0.0
15
Steve Ott	2014-2015	STL	C	78	3	9	12	-8	86	0	0	0	0	0	0	49	6.1	11:38	18.4	56.3
16
Carl Gunnarsson	2014-2015	STL	D	61	2	10	12	10	2	0	1	0	0	0	0	54	3.7	18:03	26.2	0.0
17
Maxim Lapierre	2014-2015	STL, PIT	C	45	2	7	9	-2	16	0	0	0	0	0	0	43	4.7	10:21	16.4	54.9
18
Chris Butler	2014-2015	STL	D	33	3	6	9	8	23	0	0	1	1	0	0	54	5.6	17:11	24.2	0.0
19
Ian Cole	2014-2015	STL, PIT	D	54	4	5	9	16	44	0	0	0	0	0	0	52	7.7	15:03	21.1	0.0
20
Joakim Lindstrom	2014-2015	STL, TOR	C	34	3	3	6	-8	8	2	4	0	0	0	0	41	7.3	11:04	16.6	31.8
21
Zbynek Michalek	2014-2015	ARI, STL	D	15	2	2	4	3	6	0	0	0	0	0	0	19	10.5	19:36	26.9	0.0
22
Marcel Goc	2014-2015	PIT, STL	C	31	1	2	3	-1	4	0	0	0	0	0	0	34	2.9	10:37	17.1	54.8
23
Petteri Lindbohm	2014-2015	STL	D	23	2	1	3	-1	26	0	0	0	0	0	0	32	6.3	15:34	22.5	0.0
24
Olli Jokinen	2014-2015	NSH, TOR, STL	C	8	1	2	3	3	0	0	0	0	0	1	0	17	5.9	11:00	17.4	34.3
25
Chris Porter	2014-2015	STL	L	24	1	1	2	-3	6	0	0	0	0	1	0	24	4.2	09:33	14.8	44.4
26
Robert Bortuzzo	2014-2015	PIT, STL	D	13	1	1	2	-3	25	0	0	0	0	0	0	19	5.3	14:06	20.1	0.0
27
Ty Rattie	2014-2015	STL	R	11	0	2	2	0	2	0	0	0	0	0	0	8	0.0	09:06	14.1	0.0
28
Magnus Paajarvi	2014-2015	STL	L	10	0	1	1	-2	6	0	1	0	0	0	0	9	0.0	09:47	14.7	100.0
29
Colin Fraser	2014-2015	STL	C	1	0	0	0	-1	0	0	0	0	0	0	0	1	0.0	04:42	6.0	0.0
30
Jordan Leopold	2014-2015	STL, CBJ, MIN	D	7	0	0	0	0	2	0	0	0	0	0	0	1	0.0	13:04	18.3	0.0