1
Tyler Johnson	2014-2015	TBL	C	77	29	43	72	33	24	8	17	0	0	6	2	203	14.3	17:14	22.2	48.7
2
Steven Stamkos	2014-2015	TBL	C	82	43	29	72	2	49	13	25	0	0	6	0	268	16.0	19:22	22.0	49.7
3
Nikita Kucherov	2014-2015	TBL	R	82	29	36	65	38	37	2	15	0	0	2	0	191	15.2	14:57	19.5	0.0
4
Ondrej Palat	2014-2015	TBL	L	75	16	47	63	31	24	3	11	1	2	5	1	139	11.5	17:25	22.4	28.6
5
Ryan Callahan	2014-2015	TBL	R	77	24	30	54	9	41	10	16	0	0	4	0	191	12.6	17:44	21.1	48.4
6
Valtteri Filppula	2014-2015	TBL	C	82	12	36	48	-14	24	2	17	0	0	0	0	91	13.2	19:01	22.6	52.4
7
Anton Stralman	2014-2015	TBL	D	82	9	30	39	22	26	2	14	0	0	0	0	138	6.5	21:56	26.0	0.0
8
Alex Killorn	2014-2015	TBL	C	71	15	23	38	8	36	1	3	1	1	5	0	130	11.5	16:55	20.7	43.8
9
Victor Hedman	2014-2015	TBL	D	59	10	28	38	12	40	3	11	0	0	2	1	115	8.7	22:41	26.1	0.0
10
Jonathan Drouin	2014-2015	TBL	L	70	4	28	32	3	34	3	6	0	0	0	0	76	5.3	13:14	16.7	52.4
11
Jason Garrison	2014-2015	TBL	D	70	4	26	30	27	19	1	11	0	0	3	0	111	3.6	20:00	24.9	0.0
12
Brian Boyle	2014-2015	TBL	C	82	15	9	24	3	54	0	0	3	3	5	0	140	10.7	12:59	18.2	50.8
13
Cedric Paquette	2014-2015	TBL	C	64	12	7	19	4	51	0	0	2	2	3	0	91	13.2	13:36	18.0	47.7
14
Matthew Carle	2014-2015	TBL	D	59	4	14	18	12	26	1	1	0	0	0	0	73	5.5	20:29	25.0	0.0
15
Vladislav Namestnikov	2014-2015	TBL	C	43	9	7	16	1	13	1	2	0	0	3	0	46	19.6	11:59	16.2	45.2
16
Brett Connolly	2014-2015	TBL, BOS	R	50	12	3	15	4	38	2	2	0	0	2	0	74	16.2	11:55	15.8	42.9
17
Andrej Sustr	2014-2015	TBL	D	72	0	13	13	10	34	0	1	0	0	0	0	55	0.0	17:42	21.7	0.0
18
J.T. Brown	2014-2015	TBL	R	52	3	6	9	-2	30	0	0	0	0	0	0	74	4.1	10:36	14.5	46.2
19
Brenden Morrow	2014-2015	TBL	L	70	3	5	8	-1	64	0	0	0	0	0	0	28	10.7	09:19	12.9	0.0
20
Mark Barberio	2014-2015	TBL	D	52	1	6	7	-4	16	0	0	0	0	0	0	53	1.9	16:46	21.2	0.0
21
Nikita Nesterov	2014-2015	TBL	D	27	2	5	7	6	16	1	2	0	0	0	0	44	4.5	16:03	20.0	0.0
22
Radko Gudas	2014-2015	TBL	D	31	2	3	5	-5	34	0	0	0	0	1	0	63	3.2	17:00	21.5	0.0
23
Eric Brewer	2014-2015	TBL, ANA, TOR	D	17	0	4	4	5	18	0	0	0	1	0	0	14	0.0	17:50	22.7	0.0
24
Braydon Coburn	2014-2015	PHI, TBL	D	4	0	2	2	3	9	0	0	0	0	0	0	1	0.0	17:01	23.8	0.0
25
Jonathan Marchessault	2014-2015	TBL	C	2	1	0	1	1	0	0	0	0	0	0	0	3	33.3	11:56	15.5	33.3
26
Mike Angelidis	2014-2015	TBL	L	3	0	0	0	0	12	0	0	0	0	0	0	0	0.0	07:20	13.0	36.8
27
Mike Blunden	2014-2015	TBL	R	2	0	0	0	-1	2	0	0	0	0	0	0	0	0.0	09:47	14.0	0.0
28
Slater Koekkoek	2014-2015	TBL	D	3	0	0	0	0	2	0	0	0	0	0	0	6	0.0	16:35	22.7	0.0
29
Luke Witkowski	2014-2015	TBL	D	16	0	0	0	0	15	0	0	0	0	0	0	10	0.0	15:11	21.1	0.0