1
Phil Kessel	2014-2015	TOR	R	82	25	36	61	-34	30	8	25	0	0	4	1	280	8.9	18:47	21.9	40.0
2
James van Riemsdyk	2014-2015	TOR	L	82	27	29	56	-33	43	9	19	1	1	4	1	248	10.9	19:05	22.5	38.9
3
Tyler Bozak	2014-2015	TOR	C	82	23	26	49	-34	44	12	18	2	2	3	0	154	14.9	19:08	23.6	53.2
4
Nazem Kadri	2014-2015	TOR	C	73	18	21	39	-7	28	3	7	1	1	1	0	176	10.2	17:36	21.9	46.2
5
Cody Franson	2014-2015	TOR, NSH	D	55	6	26	32	-7	26	4	15	0	0	0	0	92	6.5	21:23	27.8	0.0
6
Mike Santorelli	2014-2015	TOR, NSH	C	57	11	18	29	7	8	0	2	1	2	1	0	102	10.8	14:57	19.0	46.4
7
Dion Phaneuf	2014-2015	TOR	D	70	3	26	29	-11	108	2	15	0	1	1	0	138	2.2	23:43	28.5	0.0
8
Morgan Rielly	2014-2015	TOR	D	81	8	21	29	-16	14	1	9	0	0	0	0	148	5.4	20:20	24.8	0.0
9
Leo Komarov	2014-2015	TOR	C	62	8	18	26	0	18	0	1	1	3	1	0	84	9.5	14:41	20.2	49.5
10
Daniel Winnik	2014-2015	TOR, PIT	C	58	7	18	25	15	19	0	0	0	0	0	0	70	10.0	16:50	20.8	48.4
11
Peter Holland	2014-2015	TOR	C	62	11	14	25	0	31	1	3	1	2	3	0	93	11.8	14:31	18.8	45.5
12
Jake Gardiner	2014-2015	TOR	D	79	4	20	24	-23	24	0	8	0	0	0	0	100	4.0	20:58	24.5	0.0
13
Joffrey Lupul	2014-2015	TOR	L	55	10	11	21	-10	26	2	3	0	0	1	0	97	10.3	15:29	19.8	66.7
14
Richard Panik	2014-2015	TOR	R	76	11	6	17	-8	49	2	2	0	0	1	0	87	12.6	11:38	15.4	28.6
15
David Clarkson	2014-2015	TOR, CBJ	R	58	10	5	15	-11	92	1	1	0	0	1	0	93	10.8	13:52	18.1	31.7
16
David Booth	2014-2015	TOR	L	59	7	6	13	-8	25	0	0	0	1	2	0	107	6.5	11:56	15.5	46.2
17
Roman Polak	2014-2015	TOR	D	56	5	4	9	-22	48	0	0	0	0	1	0	61	8.2	21:05	25.2	100.0
18
Stephane Robidas	2014-2015	TOR	D	52	1	6	7	8	34	0	0	0	1	0	0	34	2.9	17:04	22.6	0.0
19
Korbinian Holzer	2014-2015	TOR	D	34	0	6	6	3	25	0	0	0	0	0	0	32	0.0	17:06	21.7	0.0
20
Trevor Smith	2014-2015	TOR	C	54	2	3	5	-9	12	0	0	0	0	0	0	46	4.3	11:03	14.5	52.2
21
Eric Brewer	2014-2015	TBL, ANA, TOR	D	18	2	3	5	-4	12	0	0	0	0	1	1	12	16.7	20:11	26.3	0.0
22
Joakim Lindstrom	2014-2015	STL, TOR	C	19	1	3	4	-7	4	0	1	0	0	0	0	20	5.0	10:30	13.6	0.0
23
Brandon Kozun	2014-2015	TOR	R	20	2	2	4	-3	6	0	0	0	0	0	0	8	25.0	07:54	11.1	50.0
24
Stuart Percy	2014-2015	TOR	D	9	0	3	3	-4	2	0	2	0	0	0	0	13	0.0	18:04	24.8	0.0
25
Andrew MacWilliam	2014-2015	TOR	D	12	0	2	2	-6	12	0	0	0	0	0	0	5	0.0	15:24	20.2	0.0
26
Sam Carrick	2014-2015	TOR	C	16	1	1	2	1	9	0	0	0	0	0	0	17	5.9	06:29	9.8	41.8
27
Josh Leivo	2014-2015	TOR	L	9	1	0	1	-1	4	0	0	0	0	0	0	10	10.0	07:39	10.3	0.0
28
TJ Brennan	2014-2015	TOR	D	6	0	1	1	-7	9	0	1	0	0	0	0	11	0.0	16:48	21.0	0.0
29
Olli Jokinen	2014-2015	NSH, TOR, STL	C	6	0	1	1	1	2	0	0	0	0	0	0	10	0.0	14:17	18.5	44.4
30
Tim Erixon	2014-2015	CBJ, CHI, TOR	D	15	1	0	1	-5	6	0	0	0	0	0	0	10	10.0	15:47	21.1	0.0
31
Zach Sill	2014-2015	PIT, TOR	C	21	0	1	1	-2	24	0	0	0	0	0	0	17	0.0	08:33	12.0	50.0
32
Casey Bailey	2014-2015	TOR	C	6	1	0	1	1	2	0	0	0	0	0	0	9	11.1	09:02	12.0	0.0
33
Colton Orr	2014-2015	TOR	R	1	0	0	0	0	0	0	0	0	0	0	0	0	0.0	06:06	10.0	0.0
34
Petter Granberg	2014-2015	TOR	D	7	0	0	0	1	6	0	0	0	0	0	0	1	0.0	11:26	16.0	0.0
35
Greg McKegg	2014-2015	TOR	C	3	0	0	0	0	0	0	0	0	0	0	0	1	0.0	09:11	14.3	51.5
36
Troy Bodie	2014-2015	TOR	R	5	0	0	0	0	5	0	0	0	0	0	0	1	0.0	04:37	7.6	0.0
37
Matt Frattin	2014-2015	TOR	R	9	0	0	0	0	4	0	0	0	0	0	0	6	0.0	07:03	10.3	100.0
38
Carter Ashton	2014-2015	TOR	R	7	0	0	0	-3	0	0	0	0	0	0	0	4	0.0	06:13	9.0	20.0