1
Daniel Sedin	2014-2015	VAN	L	82	20	56	76	5	18	4	25	0	0	5	3	226	8.8	18:21	23.7	40.0
2
Henrik Sedin	2014-2015	VAN	C	82	18	55	73	11	22	5	25	0	0	0	0	101	17.8	18:36	23.9	45.0
3
Radim Vrbata	2014-2015	VAN	R	79	31	32	63	6	20	12	23	0	0	7	0	267	11.6	16:36	21.8	55.6
4
Nick Bonino	2014-2015	VAN	C	75	15	24	39	7	22	1	5	0	0	6	0	149	10.1	16:55	23.8	47.4
5
Chris Higgins	2014-2015	VAN	L	77	12	24	36	8	16	3	5	0	0	1	0	171	7.0	15:47	22.3	33.3
6
Jannik Hansen	2014-2015	VAN	R	81	16	17	33	-6	27	0	0	1	3	2	0	145	11.0	13:58	20.0	16.7
7
Alexandre Burrows	2014-2015	VAN	R	70	18	15	33	0	68	4	8	1	1	3	0	145	12.4	15:28	22.0	42.9
8
Alexander Edler	2014-2015	VAN	D	74	8	23	31	13	54	5	14	0	0	2	1	175	4.6	23:58	30.5	0.0
9
Shawn Matthias	2014-2015	VAN	C	78	18	9	27	-3	16	1	1	0	1	0	0	132	13.6	13:06	18.7	44.9
10
Bo Horvat	2014-2015	VAN	C	68	13	12	25	-8	16	0	0	1	1	1	0	93	14.0	12:15	18.3	51.4
11
Derek Dorsett	2014-2015	VAN	R	79	7	18	25	4	175	0	0	2	2	3	0	89	7.9	12:02	17.5	43.8
12
Linden Vey	2014-2015	VAN	R	75	10	14	24	-3	18	4	6	0	0	2	0	61	16.4	13:10	17.4	42.8
13
Dan Hamhuis	2014-2015	VAN	D	59	1	22	23	0	44	1	3	0	0	0	0	82	1.2	21:31	28.3	0.0
14
Brad Richardson	2014-2015	VAN	R	45	8	13	21	0	34	0	1	1	1	1	0	66	12.1	14:28	21.5	47.8
15
Yannick Weber	2014-2015	VAN	D	65	11	10	21	4	30	5	8	0	0	1	0	117	9.4	17:11	24.7	0.0
16
Christopher Tanev	2014-2015	VAN	D	70	2	18	20	8	12	0	2	0	0	1	1	53	3.8	21:04	29.5	0.0
17
Zack Kassian	2014-2015	VAN	R	42	10	6	16	-5	81	1	1	0	0	3	0	55	18.2	12:37	17.0	0.0
18
Kevin Bieksa	2014-2015	VAN	D	60	4	10	14	0	77	0	1	0	1	1	0	99	4.0	20:49	26.5	0.0
19
Ronalds Kenins	2014-2015	VAN	L	30	4	8	12	-2	8	0	0	0	0	0	0	38	10.5	12:16	17.0	0.0
20
Ryan Stanton	2014-2015	VAN	D	54	3	8	11	9	35	0	0	0	0	0	0	59	5.1	16:00	23.3	0.0
21
Luca Sbisa	2014-2015	VAN	D	76	3	8	11	-8	46	0	0	0	0	2	1	79	3.8	18:46	25.6	0.0
22
Adam Clendening	2014-2015	CHI, VAN	D	17	0	2	2	1	8	0	1	0	0	0	0	15	0.0	17:27	23.6	0.0
23
Sven Baertschi	2014-2015	CGY, VAN	L	3	2	0	2	0	4	0	0	0	0	0	0	4	50.0	12:02	18.0	0.0
24
Alex Biega	2014-2015	VAN	D	7	1	0	1	-2	0	0	0	0	0	1	0	7	14.3	15:47	24.3	0.0
25
Brandon McMillan	2014-2015	ARI, VAN	L	8	0	1	1	-1	0	0	0	0	0	0	0	7	0.0	11:01	16.9	50.0
26
Tom Sestito	2014-2015	VAN	L	3	0	1	1	1	7	0	0	0	0	0	0	1	0.0	06:14	9.7	0.0
27
Frank Corrado	2014-2015	VAN	D	10	1	0	1	-7	0	0	0	0	0	0	0	8	12.5	15:40	22.3	0.0
28
Nicklas Jensen	2014-2015	VAN	R	5	0	0	0	-1	0	0	0	0	0	0	0	7	0.0	09:33	13.6	0.0
29
Brandon DeFazio	2014-2015	VAN	L	2	0	0	0	0	0	0	0	0	0	0	0	2	0.0	05:56	9.0	0.0