1
Andrew Ladd	2014-2015	WPG	L	81	24	38	62	9	72	9	19	0	1	6	1	224	10.7	20:04	26.6	35.0
2
Blake Wheeler	2014-2015	WPG	R	79	26	35	61	26	73	2	12	4	5	6	0	244	10.7	19:39	26.0	45.8
3
Bryan Little	2014-2015	WPG	C	70	24	28	52	8	24	9	18	1	1	3	1	148	16.2	19:55	26.8	49.1
4
Mark Scheifele	2014-2015	WPG	C	82	15	34	49	11	24	3	13	0	0	2	0	170	8.8	18:35	23.4	42.9
5
Dustin Byfuglien	2014-2015	WPG	D	69	18	27	45	5	124	5	17	0	1	3	1	209	8.6	22:41	24.9	0.0
6
Michael Frolik	2014-2015	WPG	R	82	19	23	42	4	18	3	7	3	3	4	0	206	9.2	17:30	24.2	34.1
7
Mathieu Perreault	2014-2015	WPG	C	62	18	23	41	7	38	5	12	0	0	2	1	129	14.0	16:15	20.6	51.6
8
Toby Enstrom	2014-2015	WPG	D	60	4	19	23	13	36	1	7	0	0	0	0	58	6.9	23:34	28.8	0.0
9
Adam Lowry	2014-2015	WPG	L	80	11	12	23	1	46	0	3	1	1	2	0	104	10.6	13:45	19.9	47.2
10
Evander Kane	2014-2015	WPG	L	37	10	12	22	-1	56	4	6	1	3	1	0	126	7.9	19:18	24.9	44.8
11
Jacob Trouba	2014-2015	WPG	D	65	7	15	22	2	46	1	6	0	0	0	0	133	5.3	23:18	29.3	0.0
12
Drew Stafford	2014-2015	BUF, WPG	R	26	9	10	19	6	8	2	4	0	0	0	0	56	16.1	17:29	23.2	42.9
13
Tyler Myers	2014-2015	BUF, WPG	D	24	3	12	15	9	16	1	2	0	2	0	0	52	5.8	23:49	29.5	0.0
14
Mark Stuart	2014-2015	WPG	D	70	2	12	14	5	69	0	0	0	2	1	0	51	3.9	19:12	26.1	0.0
15
Chris Thorburn	2014-2015	WPG	R	81	7	7	14	-5	76	0	0	0	0	2	0	67	10.4	08:05	13.0	64.3
16
Zach Bogosian	2014-2015	WPG, BUF	D	41	3	10	13	1	40	0	1	0	0	0	0	74	4.1	22:10	27.9	0.0
17
Jim Slater	2014-2015	WPG	C	82	5	8	13	-4	58	0	0	0	1	1	0	51	9.8	09:12	14.9	59.7
18
Lee Stempniak	2014-2015	NYR, WPG	R	18	6	4	10	1	2	0	1	0	0	2	0	29	20.7	13:33	19.3	14.3
19
Adam Pardy	2014-2015	WPG	D	55	0	9	9	9	40	0	0	0	1	0	0	29	0.0	15:01	19.8	0.0
20
Jiri Tlusty	2014-2015	CAR, WPG	R	20	1	7	8	-1	4	0	1	0	0	0	0	26	3.8	12:56	19.1	0.0
21
Ben Chiarot	2014-2015	WPG	D	40	2	6	8	5	22	0	0	0	0	0	0	37	5.4	17:01	21.7	0.0
22
Matt Halischuk	2014-2015	WPG	R	47	3	5	8	5	6	0	0	0	0	1	0	59	5.1	09:44	15.2	100.0
23
Paul Postma	2014-2015	WPG	D	42	2	4	6	1	16	2	2	0	0	0	0	40	5.0	14:07	18.8	0.0
24
Jay Harrison	2014-2015	CAR, WPG	D	35	2	3	5	4	23	1	2	0	0	0	0	27	7.4	15:36	20.9	0.0
25
Grant Clitsome	2014-2015	WPG	D	24	0	4	4	4	8	0	0	0	0	0	0	22	0.0	16:21	21.2	0.0
26
Anthony Peluso	2014-2015	WPG	R	49	1	1	2	-3	86	0	0	0	0	0	0	23	4.3	05:52	9.0	0.0
27
TJ Galiardi	2014-2015	WPG	L	38	1	0	1	-8	2	0	0	0	0	0	0	35	2.9	10:27	15.5	18.2
28
Keaton Ellerby	2014-2015	WPG	D	1	0	1	1	-1	0	0	0	0	0	0	0	0	0.0	16:58	22.0	0.0
29
Eric O'Dell	2014-2015	WPG	C	11	0	1	1	0	19	0	0	0	0	0	0	6	0.0	07:26	11.7	43.9
30
Andrew Copp	2014-2015	WPG	C	1	0	1	1	2	0	0	0	0	0	0	0	4	0.0	13:16	21.0	66.7
31
Julien Brouillette	2014-2015	WPG	D	1	0	0	0	0	0	0	0	0	0	0	0	0	0.0	09:33	11.0	0.0
32
Carl Klingberg	2014-2015	WPG	L	2	0	0	0	-1	0	0	0	0	0	0	0	0	0.0	03:18	7.5	0.0
33
Patrice Cormier	2014-2015	WPG	C	1	0	0	0	0	0	0	0	0	0	0	0	0	0.0	04:54	7.0	60.0