1
Alex Ovechkin	2014-2015	WSH	L	81	53	28	81	10	58	25	34	0	0	11	0	395	13.4	20:19	22.4	40.0
2
Nicklas Backstrom	2014-2015	WSH	C	82	18	60	78	5	40	3	33	0	0	3	1	153	11.8	20:31	24.3	53.6
3
John Carlson	2014-2015	WSH	D	82	12	43	55	11	28	3	16	1	1	3	0	193	6.2	23:04	28.6	0.0
4
Marcus Johansson	2014-2015	WSH	L	82	20	27	47	6	10	3	15	0	0	1	0	138	14.5	16:28	19.7	43.8
5
Mike Green	2014-2015	WSH	D	72	10	35	45	15	34	1	17	0	0	2	0	159	6.3	19:06	22.4	0.0
6
Troy Brouwer	2014-2015	WSH	R	82	21	22	43	11	53	8	14	2	2	3	0	145	14.5	17:31	22.4	56.9
7
Evgeny Kuznetsov	2014-2015	WSH	C	80	11	26	37	10	24	4	13	0	0	1	1	127	8.7	13:19	17.1	44.6
8
Joel Ward	2014-2015	WSH	R	82	19	15	34	-4	30	6	11	0	0	4	1	138	13.8	16:51	22.2	47.2
9
Eric Fehr	2014-2015	WSH	C	75	19	14	33	8	20	1	1	1	1	4	2	142	13.4	14:51	20.8	52.0
10
Matt Niskanen	2014-2015	WSH	D	82	4	27	31	7	47	2	10	0	1	0	0	117	3.4	22:21	27.5	0.0
11
Andre Burakovsky	2014-2015	WSH	L	53	9	13	22	12	10	2	3	0	0	2	0	65	13.8	12:55	16.5	44.3
12
Karl Alzner	2014-2015	WSH	D	82	5	16	21	14	20	0	0	0	0	0	0	72	6.9	19:25	25.7	0.0
13
Brooks Laich	2014-2015	WSH	C	66	7	13	20	-2	24	0	1	0	1	2	0	106	6.6	14:43	20.8	43.9
14
Jay Beagle	2014-2015	WSH	R	62	10	10	20	6	20	0	0	0	1	2	0	84	11.9	12:48	17.9	56.5
15
Jason Chimera	2014-2015	WSH	L	77	7	12	19	-1	51	0	0	0	0	2	0	96	7.3	12:56	18.1	56.6
16
Brooks Orpik	2014-2015	WSH	D	78	0	19	19	5	66	0	0	0	0	0	0	66	0.0	21:47	27.2	0.0
17
Tom Wilson	2014-2015	WSH	R	67	4	13	17	-1	172	0	0	0	0	0	0	79	5.1	10:56	14.4	18.2
18
Curtis Glencross	2014-2015	CGY, WSH	L	18	4	3	7	-1	6	2	3	0	0	0	0	21	19.0	12:36	17.3	66.7
19
Michael Latta	2014-2015	WSH	C	53	0	6	6	4	68	0	0	0	0	0	0	24	0.0	08:22	11.6	47.8
20
Jack Hillen	2014-2015	WSH, CAR	D	35	0	5	5	1	10	0	0	0	0	0	0	20	0.0	12:22	17.1	0.0
21
Nate Schmidt	2014-2015	WSH	D	39	1	3	4	-2	10	0	0	0	0	0	0	40	2.5	13:53	18.2	0.0
22
Tim Gleason	2014-2015	CAR, WSH	D	17	0	2	2	5	11	0	0	0	0	0	0	10	0.0	15:16	20.1	0.0
23
Liam O'Brien	2014-2015	WSH	C	13	1	1	2	4	23	0	0	0	0	0	0	16	6.3	07:32	11.5	50.0
24
Chris Brown	2014-2015	WSH	C	5	1	0	1	1	2	0	0	0	0	0	0	4	25.0	06:27	9.6	33.3
25
Stanislav Galiev	2014-2015	WSH	R	2	1	0	1	1	0	0	0	0	0	0	0	2	50.0	09:23	11.0	0.0
26
Cameron Schilling	2014-2015	WSH	D	4	0	0	0	1	4	0	0	0	0	0	0	2	0.0	11:22	16.3	0.0
27
Aaron Volpatti	2014-2015	WSH	L	2	0	0	0	0	0	0	0	0	0	0	0	1	0.0	09:37	12.5	0.0
28
Chris Conner	2014-2015	WSH	R	2	0	0	0	1	4	0	0	0	0	0	0	3	0.0	08:49	12.5	0.0
29
Steve Oleksy	2014-2015	WSH	D	1	0	0	0	-1	0	0	0	0	0	0	0	1	0.0	12:11	19.0	0.0