1
Roberto Luongo	866	842	402	332	33	72	25630	2069	2.49	.919	68	0	17	38	49755:55
2
Henrik Lundqvist	623	615	342	208	0	65	17504	1387	2.26	.921	55	0	17	12	36794:54
3
Ryan Miller	607	598	325	209	1	59	17986	1528	2.58	.915	35	0	9	24	35506:29
4
Marc-Andre Fleury	597	577	322	191	2	53	16704	1479	2.59	.911	38	0	13	48	34299:39
5
Kari Lehtonen	510	498	248	184	0	55	15307	1323	2.70	.914	32	0	24	32	29437:20
6
Cam Ward	514	502	246	193	0	58	14792	1338	2.73	.910	22	1	10	24	29437:56
7
Carey Price	437	428	225	153	0	50	12957	1044	2.43	.919	34	0	11	39	25767:08
8
Jonathan Quick	409	402	212	141	0	46	10705	911	2.28	.915	37	0	9	30	23926:15
9
Pekka Rinne	383	372	206	115	0	43	10692	863	2.35	.919	37	0	8	36	22076:54
10
Niklas Backstrom	409	391	194	142	0	50	11283	962	2.48	.915	28	0	5	22	23246:57
11
Antti Niemi	340	335	191	101	0	40	9402	792	2.40	.916	33	0	10	8	19820:14
12
Jonas Hiller	379	353	189	129	0	36	10598	883	2.49	.917	22	0	8	2	21312:13
13
Craig Anderson	408	381	184	148	2	46	12367	1046	2.72	.915	29	0	12	52	23047:13
14
Jaroslav Halak	331	323	182	102	0	33	9156	760	2.39	.917	36	0	4	10	19099:34
15
Jimmy Howard	339	331	176	99	0	48	9385	790	2.41	.916	21	0	6	20	19652:13
16
Mike Smith	389	371	163	159	0	49	11281	988	2.66	.912	27	1	9	93	22249:54
17
Steve Mason	353	341	151	138	0	46	10049	906	2.72	.910	26	0	10	20	19955:00
18
Corey Crawford	270	258	148	80	0	34	7266	606	2.34	.917	12	0	3	14	15532:32
19
Brian Elliott	282	257	143	91	0	26	7143	631	2.44	.912	30	0	6	0	15504:20
20
Semyon Varlamov	269	257	137	93	0	32	8074	665	2.56	.918	18	0	6	12	15582:04
21
Tuukka Rask	269	254	136	84	0	35	7554	564	2.19	.925	26	0	6	16	15421:41
22
Ondrej Pavelec	340	325	136	142	0	43	9907	914	2.86	.908	16	0	6	10	19178:47
23
Sergei Bobrovsky	233	224	125	74	0	24	6791	559	2.53	.918	11	0	5	8	13234:52
24
Peter Budaj	296	265	124	107	0	36	7759	752	2.76	.903	11	0	10	20	16342:52
25
Braden Holtby	179	171	102	51	0	18	5190	413	2.44	.920	20	0	7	11	10148:44
26
Devan Dubnyk	233	216	99	91	0	26	6819	589	2.69	.914	14	0	3	10	13140:38
27
Ben Bishop	173	164	98	44	0	16	4682	382	2.36	.918	12	0	6	12	9693:04
28
Cory Schneider	213	198	97	73	0	29	5834	436	2.17	.925	17	0	8	4	12032:53
29
Dan Ellis	212	181	87	79	0	18	5579	526	2.79	.906	15	0	6	6	11305:38
30
Jonathan Bernier	177	160	76	69	0	20	5112	431	2.64	.916	9	0	4	4	9798:57
31
James Reimer	177	160	74	64	0	17	5245	459	2.91	.912	11	0	2	6	9471:45
32
Michal Neuvirth	170	152	67	63	0	17	4829	425	2.72	.912	8	0	2	2	9371:45
33
Jason LaBarbera	187	148	62	73	0	20	4933	457	2.85	.907	6	0	2	10	9614:50
34
Jonas Gustavsson	148	132	60	55	0	21	3956	392	2.89	.901	6	0	4	10	8133:32
35
Frederik Andersen	84	79	55	18	0	6	2288	186	2.33	.919	3	0	4	4	4799:16
36
Jhonas Enroth	131	115	43	61	0	14	3840	348	2.88	.909	5	0	0	2	7258:13
37
Al Montoya	111	88	43	33	0	15	2895	269	2.69	.907	5	0	1	8	6002:08
38
Karri Ramo	123	110	43	46	0	17	3398	325	2.94	.904	4	0	3	16	6635:41
39
Ben Scrivens	129	116	42	56	0	17	3648	345	2.90	.905	7	0	2	20	7134:09
40
Curtis McElhinney	130	93	41	51	0	7	3270	310	2.95	.905	4	0	2	2	6311:28
41
Anton Khudobin	91	85	41	36	0	8	2517	205	2.40	.919	4	0	0	4	5125:50
42
Anders Lindback	111	89	40	51	0	7	2960	280	2.83	.905	3	0	3	6	5937:56
43
Thomas Greiss	91	72	37	30	0	12	2305	200	2.47	.913	3	0	0	4	4855:31
44
Michael Leighton	105	93	35	41	10	4	2876	285	2.97	.901	4	0	3	6	5753:57
45
Eddie Lack	82	72	34	30	0	9	2253	188	2.43	.917	6	0	0	2	4642:49
46
Cam Talbot	59	55	33	17	0	5	1654	114	2.00	.931	8	0	0	0	3422:42
47
Jake Allen	53	46	31	12	0	4	1274	115	2.35	.910	5	0	2	2	2939:37
48
Robin Lehner	87	77	30	36	0	13	2688	231	2.88	.914	2	0	1	6	4815:47
49
Chad Johnson	59	50	29	16	0	7	1514	132	2.43	.913	3	0	1	0	3262:11
50
Darcy Kuemper	63	56	27	22	0	6	1539	138	2.48	.910	5	0	0	0	3337:15
51
Carter Hutton	59	52	26	19	0	8	1484	138	2.63	.907	2	0	1	2	3153:52
52
Justin Peters	80	67	25	37	0	9	2243	223	3.08	.901	3	0	2	8	4350:04
53
Michael Hutchinson	42	40	24	11	0	5	1095	91	2.29	.917	2	0	0	0	2381:24
54
Alex Stalock	49	37	21	14	0	5	1146	95	2.23	.917	4	0	0	4	2559:49
55
Antti Raanta	39	34	20	9	0	5	999	88	2.41	.912	3	0	1	0	2188:51
56
Petr Mrazek	41	35	20	14	0	2	1044	83	2.25	.920	5	0	0	0	2212:49
57
Andrew Hammond	25	23	20	1	0	2	718	42	1.74	.942	3	0	1	0	1445:30
58
Martin Jones	36	31	18	11	0	2	854	63	1.90	.926	8	0	2	0	1990:02
59
Kevin Poulin	50	44	18	25	0	3	1392	140	3.07	.899	0	0	1	0	2735:33
60
Yann Danis	53	40	17	21	0	4	1363	123	2.75	.910	3	0	0	0	2682:22
61
Richard Bachman	42	30	17	14	0	2	1020	98	2.93	.904	2	0	1	0	2006:56
62
John Gibson	26	24	16	8	0	0	761	62	2.45	.919	2	0	0	0	1521:02
63
Reto Berra	50	41	14	22	0	4	1223	121	2.94	.901	1	0	0	2	2468:41
64
Jacob Markstrom	50	43	13	28	0	5	1315	137	3.19	.896	0	0	0	0	2579:48
65
Jeff Zatkoff	21	18	12	7	0	2	599	52	2.58	.913	1	0	1	0	1208:07
66
Scott Darling	15	14	10	4	0	0	448	28	1.88	.938	1	0	0	0	892:09
67
Anders Nilsson	23	20	9	9	0	2	660	67	3.05	.898	1	0	0	2	1318:58
68
Dustin Tokarski	27	23	9	9	0	5	734	68	2.80	.907	1	0	2	2	1456:00
69
Marek Mazanec	27	23	8	11	0	4	697	68	2.77	.902	2	0	0	0	1475:16
70
Joni Ortio	15	15	8	6	0	0	346	35	2.52	.899	1	0	2	0	834:12
71
Philipp Grubauer	20	16	7	6	0	5	553	42	2.44	.924	0	0	0	0	1032:21
72
Andrei Vasilevskiy	16	13	7	5	0	1	415	34	2.36	.918	1	0	0	0	864:07
73
Calvin Pickard	16	13	6	7	0	3	511	35	2.35	.932	0	0	0	0	895:06
74
Keith Kinkaid	21	14	6	6	0	4	508	45	2.68	.911	0	0	0	0	1008:41
75
Mike McKenna	22	19	5	11	0	2	610	68	3.48	.889	1	0	1	0	1172:43
76
Matt Hackett	26	20	4	17	0	2	709	67	3.11	.906	0	0	0	0	1291:07
77
Mackenzie Skapski	2	2	2	0	0	0	45	1	0.50	.978	1	0	0	0	119:05
78
Cedrick Desjardins	6	4	2	4	0	0	149	12	2.41	.919	0	0	0	2	298:27
79
Kristers Gudlevskis	1	1	1	0	0	0	38	2	2.01	.947	0	0	0	0	59:47
80
Louis Domingue	7	4	1	2	0	1	158	14	2.73	.911	0	0	0	0	307:45
81
Mike Condon	1	1	1	0	0	0	21	1	1.00	.952	0	0	0	0	60:00
82
Troy Grosenick	2	2	1	1	0	0	58	3	1.52	.948	1	0	0	0	118:22
83
Tom McCollum	3	0	1	0	0	0	33	4	2.98	.879	0	0	0	0	80:31
84
Nathan Lieuwen	7	5	1	4	0	0	191	18	2.97	.906	0	0	0	0	363:22
85
Chris Driedger	1	0	0	0	0	0	10	0	0.00	1.000	0	0	0	0	22:52
86
Anton Forsberg	5	5	0	4	0	0	149	20	4.69	.866	0	0	0	0	255:43
87
Alexander Pechurskiy	1	0	0	0	0	0	13	1	1.69	.923	0	0	0	0	35:31
88
Magnus Hellberg	1	0	0	0	0	0	4	1	4.92	.750	0	0	0	0	12:12
89
Sami Aittokallio	2	2	0	1	0	0	43	5	3.36	.884	0	0	0	0	89:20
90
Laurent Brossoit	1	1	0	1	0	0	51	2	2.01	.961	0	0	0	0	59:36
91
Jack Campbell	1	1	0	1	0	0	47	6	6.00	.872	0	0	0	0	60:00
92
Jean-Francois Berube	1	1	0	1	0	0	34	4	4.01	.882	0	0	0	0	59:50
93
Matthew O'Connor	1	1	0	1	0	0	34	3	3.10	.912	0	0	0	0	58:02
94
Malcolm Subban	1	1	0	1	0	0	6	3	5.76	.500	0	0	0	0	31:15
95
Andrey Makarov	1	1	0	1	0	0	36	3	3.00	.917	0	0	0	0	60:00
96
Drew MacIntyre	6	1	0	2	0	0	91	8	2.41	.912	0	0	0	0	199:10