1
Carey Price	2014-2015	MTL	66	66	44	16	0	6	1953	130	1.96	.933	9	0	1	4	3976:33
2
Pekka Rinne	2014-2015	NSH	64	64	41	17	0	6	1807	140	2.18	.923	4	0	1	8	3850:47
3
Braden Holtby	2014-2015	WSH	73	72	41	20	0	10	2044	157	2.22	.923	9	0	2	2	4247:29
4
Ben Bishop	2014-2015	TBL	62	60	40	13	0	5	1620	136	2.32	.916	4	0	4	4	3519:00
5
Jaroslav Halak	2014-2015	NYI	59	59	38	17	0	4	1673	144	2.43	.914	6	0	1	2	3549:57
6
Jonathan Quick	2014-2015	LAK	72	71	36	22	0	13	1896	156	2.24	.918	6	0	1	18	4184:15
7
Devan Dubnyk	2014-2015	ARI, MIN	58	55	36	14	0	4	1625	115	2.07	.929	6	0	2	2	3328:12
8
Frederik Andersen	2014-2015	ANA	54	53	35	12	0	5	1436	123	2.38	.914	3	0	3	4	3105:43
9
Tuukka Rask	2014-2015	BOS	70	67	34	21	0	13	2011	156	2.30	.922	3	0	0	8	4063:01
10
Kari Lehtonen	2014-2015	DAL	65	65	34	17	0	10	1875	181	2.94	.903	5	0	3	2	3697:41
11
Marc-Andre Fleury	2014-2015	PIT	64	64	34	20	0	9	1831	146	2.32	.920	10	0	1	6	3776:11
12
Corey Crawford	2014-2015	CHI	57	57	32	20	0	5	1661	126	2.27	.924	2	0	1	8	3332:32
13
Antti Niemi	2014-2015	SJS	61	61	31	23	0	7	1811	155	2.59	.914	5	0	3	0	3587:54
14
Sergei Bobrovsky	2014-2015	CBJ	51	49	30	17	0	3	1632	134	2.68	.918	2	0	2	4	2994:26
15
Henrik Lundqvist	2014-2015	NYR	46	46	30	13	0	3	1329	103	2.25	.922	5	0	1	0	2742:36
16
Ryan Miller	2014-2015	VAN	45	45	29	15	0	1	1198	107	2.53	.911	6	0	0	0	2541:31
17
Roberto Luongo	2014-2015	FLA	61	61	28	19	0	12	1743	138	2.35	.921	2	0	0	0	3528:11
18
Semyon Varlamov	2014-2015	COL	57	57	28	20	0	8	1791	141	2.56	.921	5	0	0	4	3306:50
19
Jonas Hiller	2014-2015	CGY	52	44	26	19	0	4	1376	113	2.36	.918	1	0	0	0	2870:53
20
Cory Schneider	2014-2015	NJD	69	68	26	31	0	9	1982	148	2.26	.925	5	0	2	0	3923:55
21
Brian Elliott	2014-2015	STL	46	45	26	14	0	3	1150	96	2.26	.917	5	0	3	0	2545:48
22
Jimmy Howard	2014-2015	DET	53	50	23	13	0	11	1350	121	2.44	.910	2	0	1	2	2970:35
23
Ondrej Pavelec	2014-2015	WPG	50	46	22	16	0	8	1353	108	2.28	.920	5	0	0	2	2837:51
24
Cam Ward	2014-2015	CAR	51	50	22	24	0	5	1351	121	2.40	.910	1	0	0	4	3025:43
25
Jake Allen	2014-2015	STL	37	32	22	7	0	4	909	79	2.28	.913	4	0	2	2	2077:02
26
Cam Talbot	2014-2015	NYR	36	34	21	9	0	4	1038	77	2.21	.926	5	0	0	0	2094:57
27
Jonathan Bernier	2014-2015	TOR	58	55	21	28	0	7	1735	152	2.87	.912	2	0	1	0	3177:09
28
Michael Hutchinson	2014-2015	WPG	38	36	21	10	0	5	986	85	2.38	.914	2	0	0	0	2138:22
29
Andrew Hammond	2014-2015	OTT	24	23	20	1	0	2	707	42	1.79	.941	3	0	1	0	1410:59
30
Eddie Lack	2014-2015	VAN	41	35	18	13	0	4	1201	95	2.45	.921	2	0	0	2	2323:57
31
Jhonas Enroth	2014-2015	BUF, DAL	50	44	18	26	0	2	1504	145	3.07	.904	2	0	0	0	2833:36
32
Steve Mason	2014-2015	PHI	51	48	18	18	0	11	1490	108	2.25	.928	3	0	3	2	2885:23
33
Petr Mrazek	2014-2015	DET	29	26	16	9	0	2	768	63	2.38	.918	3	0	0	0	1585:02
34
Ben Scrivens	2014-2015	EDM	57	53	15	26	0	11	1542	170	3.16	.890	1	0	1	4	3227:34
35
Karri Ramo	2014-2015	CGY	34	32	15	9	0	3	852	75	2.60	.912	2	0	0	0	1731:47
36
Mike Smith	2014-2015	ARI	62	61	14	42	0	5	1955	187	3.16	.904	0	0	1	10	3555:47
37
Darcy Kuemper	2014-2015	MIN	31	28	14	12	0	2	718	68	2.60	.905	3	0	0	0	1568:43
38
Craig Anderson	2014-2015	OTT	35	35	14	13	0	8	1134	87	2.49	.923	3	0	0	4	2092:31
39
John Gibson	2014-2015	ANA	23	21	13	8	0	0	674	58	2.60	.914	1	0	0	0	1339:55
40
Curtis McElhinney	2014-2015	CBJ	32	28	12	14	0	2	949	82	2.88	.914	0	0	0	0	1710:01
41
Thomas Greiss	2014-2015	PIT	20	18	9	6	0	3	546	50	2.59	.908	0	0	0	0	1159:22
42
Robin Lehner	2014-2015	OTT	25	24	9	12	0	3	779	74	3.02	.905	0	0	1	0	1471:20
43
James Reimer	2014-2015	TOR	35	27	9	16	0	1	1001	93	3.16	.907	0	0	0	2	1766:53
44
Scott Darling	2014-2015	CHI	14	13	9	4	0	0	419	27	1.95	.936	1	0	0	0	832:31
45
Chad Johnson	2014-2015	NYI	19	17	8	8	0	1	488	54	3.08	.889	0	0	0	0	1052:49
46
Alex Stalock	2014-2015	SJS	22	19	8	9	0	2	553	54	2.62	.902	2	0	0	2	1236:30
47
Anton Khudobin	2014-2015	CAR	34	32	8	17	0	6	874	87	2.72	.900	1	0	0	0	1920:21
48
Michal Neuvirth	2014-2015	BUF, NYI	32	32	7	20	0	4	1067	92	2.98	.914	0	0	0	0	1849:45
49
Andrei Vasilevskiy	2014-2015	TBL	16	13	7	5	0	1	415	34	2.36	.918	1	0	0	0	864:07
50
Antti Raanta	2014-2015	CHI	14	12	7	4	0	1	389	25	1.89	.936	2	0	0	0	792:11
51
Al Montoya	2014-2015	FLA	20	13	6	7	0	2	453	49	3.01	.892	0	0	0	2	976:56
52
Carter Hutton	2014-2015	NSH	18	17	6	7	0	4	450	44	2.61	.902	1	0	0	0	1009:51
53
Calvin Pickard	2014-2015	COL	16	13	6	7	0	3	511	35	2.35	.932	0	0	0	0	895:06
54
Anders Lindback	2014-2015	DAL, BUF	26	22	6	16	0	2	798	73	3.11	.909	0	0	1	4	1407:58
55
Keith Kinkaid	2014-2015	NJD	19	13	6	5	0	4	469	40	2.59	.915	0	0	0	0	925:26
56
Dustin Tokarski	2014-2015	MTL	17	16	6	6	0	4	509	46	2.75	.910	0	0	1	0	1004:58
57
Reto Berra	2014-2015	COL	19	12	5	4	0	1	403	33	2.65	.918	1	0	0	0	748:27
58
Niklas Backstrom	2014-2015	MIN	19	14	5	7	0	3	452	51	3.05	.887	0	0	0	2	1004:53
59
Joni Ortio	2014-2015	CGY	6	6	4	2	0	0	153	14	2.52	.908	1	0	0	0	333:17
60
Dan Ellis	2014-2015	FLA	8	8	4	3	0	1	221	19	2.34	.914	1	0	0	0	486:28
61
Martin Jones	2014-2015	LAK	15	11	4	5	0	2	307	29	2.24	.906	3	0	1	0	775:22
62
Justin Peters	2014-2015	WSH	12	9	3	6	0	1	294	35	3.25	.881	0	0	0	0	646:59
63
Richard Bachman	2014-2015	EDM	7	4	3	2	0	0	168	15	2.84	.911	1	0	0	0	316:43
64
Jonas Gustavsson	2014-2015	DET	7	6	3	3	0	1	168	15	2.56	.911	1	0	0	2	351:12
65
Jason LaBarbera	2014-2015	ANA	5	2	2	0	0	1	99	9	2.60	.909	0	0	0	0	207:28
66
Mackenzie Skapski	2014-2015	NYR	2	2	2	0	0	0	45	1	0.50	.978	1	0	0	0	119:05
67
Philipp Grubauer	2014-2015	WSH	1	1	1	0	0	0	25	2	1.85	.920	0	0	0	0	65:00
69
Louis Domingue	2014-2015	ARI	7	4	1	2	0	1	158	14	2.73	.911	0	0	0	0	307:45
70
Troy Grosenick	2014-2015	SJS	2	2	1	1	0	0	58	3	1.52	.948	1	0	0	0	118:22
71
Jacob Markstrom	2014-2015	VAN	3	2	1	1	0	0	33	4	3.09	.879	0	0	0	0	77:38
72
Malcolm Subban	2014-2015	BOS	1	1	0	1	0	0	6	3	5.76	.500	0	0	0	0	31:15
73
Laurent Brossoit	2014-2015	EDM	1	1	0	1	0	0	51	2	2.01	.961	0	0	0	0	59:36
74
Andrey Makarov	2014-2015	BUF	1	1	0	1	0	0	36	3	3.00	.917	0	0	0	0	60:00
75
Kevin Poulin	2014-2015	NYI	1	1	0	0	0	1	26	3	2.77	.885	0	0	0	0	65:00
76
Anton Forsberg	2014-2015	CBJ	5	5	0	4	0	0	149	20	4.69	.866	0	0	0	0	255:43
77
Matt Hackett	2014-2015	BUF	5	4	0	4	0	1	155	18	4.32	.884	0	0	0	0	250:15
79
Mike McKenna	2014-2015	ARI	1	1	0	1	0	0	34	5	5.00	.853	0	0	0	0	60:00
80
Marek Mazanec	2014-2015	NSH	2	1	0	1	0	0	47	4	2.27	.915	0	0	0	0	105:44